Cationic_Lipid_Mol_Ratio,Phospholipid_Mol_Ratio,Cholesterol_Mol_Ratio,PEG_Lipid_Mol_Ratio,Cationic_Lipid_to_mRNA_weight_ratio,Dosage,Num_tails,Num_carbon_in_tail,MolWt,Exposure_time,Helper_lipid_ID_DOPE,Helper_lipid_ID_DSPC,Cargo_type_mRNA,Cargo_type_siRNA,Model_type_HeLa,Model_type_HepG2,Model_type_IGROV1
40.0,15.750302419354856,30.307060649165948,1.4061870000000012,10.0,15.0,2.0,10.0,468.7290000000005,24,1.0,0.0,1.0,0.0,0.0,1.0,0.0
35.0,16.0,46.5,2.5,10.0,10.0,3.0,5.0,717.049,24,1.0,0.0,1.0,0.0,1.0,0.0,0.0
23.80952381,23.80952381,47.61904762,4.761904762,16.65781575,25.0,4.0,8.0,,24,1.0,0.0,1.0,0.0,0.0,0.0,1.0
35.0,16.0,46.5,2.5,10.0,10.0,3.0,5.0,620.8760000000002,24,1.0,0.0,1.0,0.0,1.0,0.0,0.0
35.0,16.0,46.5,2.5,10.0,10.0,2.0,7.0,575.8790000000002,24,1.0,0.0,1.0,0.0,1.0,0.0,0.0
35.0,16.0,46.5,2.5,10.0,10.0,2.0,7.0,519.7710000000005,24,1.0,0.0,1.0,0.0,1.0,0.0,0.0
35.0,16.0,46.5,2.5,10.0,10.0,2.0,7.0,476.70200000000034,24,1.0,0.0,1.0,0.0,1.0,0.0,0.0
40.0,17.701915322580664,34.06239493081602,1.5804270000000016,10.0,15.0,2.0,12.0,526.8090000000005,24,1.0,0.0,1.0,0.0,0.0,1.0,0.0
35.0,16.0,46.5,2.5,10.0,10.0,3.0,6.0,618.9000000000002,24,1.0,0.0,1.0,0.0,1.0,0.0,0.0
35.0,16.0,46.5,2.5,10.0,10.0,2.0,5.0,518.7430000000005,24,1.0,0.0,1.0,0.0,1.0,0.0,0.0
35.0,16.0,46.5,2.5,10.0,10.0,2.0,7.0,532.8100000000005,24,1.0,0.0,1.0,0.0,1.0,0.0,0.0
17.3,12.5,24.2,1.0,10.0,15.0,2.0,12.0,828.3719999999993,24,1.0,0.0,1.0,0.0,0.0,1.0,0.0
23.80952381,23.80952381,47.61904762,4.761904762,15.83275417,25.0,4.0,6.0,,24,1.0,0.0,1.0,0.0,0.0,0.0,1.0
35.0,16.0,46.5,2.5,10.0,10.0,3.0,5.0,646.9540000000002,24,1.0,0.0,1.0,0.0,1.0,0.0,0.0
35.0,16.0,46.5,2.5,10.0,10.0,2.0,5.0,490.7290000000005,24,1.0,0.0,1.0,0.0,1.0,0.0,0.0
23.80952381,23.80952381,47.61904762,4.761904762,10.77588088,25.0,2.0,6.0,,24,1.0,0.0,1.0,0.0,0.0,0.0,1.0
40.0,20.629368279569896,39.6954610112505,1.8417900000000005,10.0,15.0,3.0,10.0,613.9300000000002,24,1.0,0.0,1.0,0.0,0.0,1.0,0.0
23.80952381,23.80952381,47.61904762,4.761904762,19.46459718,25.0,6.0,6.0,,24,1.0,0.0,1.0,0.0,0.0,0.0,1.0
23.80952381,23.80952381,47.61904762,4.761904762,15.83275417,25.0,4.0,6.0,,24,1.0,0.0,1.0,0.0,0.0,0.0,1.0
35.0,16.0,46.5,2.5,10.0,10.0,3.0,7.0,717.089,24,1.0,0.0,1.0,0.0,1.0,0.0,0.0
17.3,12.5,24.2,1.0,10.0,15.0,2.0,12.0,526.9160000000006,24,1.0,0.0,1.0,0.0,0.0,1.0,0.0
35.0,16.0,46.5,2.5,10.0,10.0,2.0,8.0,519.7710000000005,24,1.0,0.0,1.0,0.0,1.0,0.0,0.0
35.0,16.0,46.5,2.5,10.0,10.0,3.0,6.0,646.9540000000002,24,1.0,0.0,1.0,0.0,1.0,0.0,0.0
35.0,16.0,46.5,2.5,10.0,10.0,2.0,6.0,546.7970000000005,24,1.0,0.0,1.0,0.0,1.0,0.0,0.0
17.3,12.5,24.2,1.0,10.0,15.0,2.0,12.0,574.9600000000003,24,1.0,0.0,1.0,0.0,0.0,1.0,0.0
23.80952381,23.80952381,47.61904762,4.761904762,20.23562402,25.0,6.0,8.0,,24,1.0,0.0,1.0,0.0,0.0,0.0,1.0
40.0,14.875369623655924,28.623496702444093,1.3280730000000007,10.0,15.0,2.0,10.0,442.6910000000003,24,1.0,0.0,1.0,0.0,0.0,1.0,0.0
17.3,12.5,24.2,1.0,10.0,15.0,3.0,9.0,1044.6779999999983,24,1.0,0.0,1.0,0.0,0.0,1.0,0.0
35.0,16.0,46.5,2.5,10.0,10.0,2.0,5.0,491.7170000000004,24,1.0,0.0,1.0,0.0,1.0,0.0,0.0
40.0,18.914180107526896,36.39506013190226,1.6886580000000009,10.0,15.0,2.0,13.0,562.8860000000003,24,1.0,0.0,1.0,0.0,0.0,1.0,0.0
17.3,12.5,24.2,1.0,10.0,15.0,2.0,14.0,611.078,24,1.0,0.0,1.0,0.0,0.0,1.0,0.0
35.0,16.0,46.5,2.5,10.0,10.0,2.0,6.0,491.7170000000005,24,1.0,0.0,1.0,0.0,1.0,0.0,0.0
35.0,16.0,46.5,2.5,10.0,10.0,2.0,6.0,448.6480000000003,24,1.0,0.0,1.0,0.0,1.0,0.0,0.0
35.0,16.0,46.5,2.5,10.0,10.0,2.0,6.0,434.6210000000003,24,1.0,0.0,1.0,0.0,1.0,0.0,0.0
35.0,16.0,46.5,2.5,10.0,10.0,2.0,8.0,532.8100000000005,24,1.0,0.0,1.0,0.0,1.0,0.0,0.0
17.3,12.5,24.2,1.0,10.0,15.0,2.0,14.0,631.068,24,1.0,0.0,1.0,0.0,0.0,1.0,0.0
23.80952381,23.80952381,47.61904762,4.761904762,13.11135437,25.0,2.0,12.0,,24,1.0,0.0,1.0,0.0,0.0,0.0,1.0
35.0,16.0,46.5,2.5,10.0,10.0,3.0,7.0,746.1309999999999,24,1.0,0.0,1.0,0.0,1.0,0.0,0.0
23.80952381,23.80952381,47.61904762,4.761904762,12.61823901,25.0,2.0,12.0,,24,1.0,0.0,1.0,0.0,0.0,0.0,1.0
35.0,16.0,46.5,2.5,10.0,10.0,3.0,6.0,661.9690000000002,24,1.0,0.0,1.0,0.0,1.0,0.0,0.0
35.0,16.0,46.5,2.5,10.0,10.0,2.0,9.0,547.8250000000005,24,1.0,0.0,1.0,0.0,1.0,0.0,0.0
40.0,17.63565188172045,33.93488943488948,1.5745110000000015,10.0,15.0,2.0,12.0,524.8370000000006,24,1.0,0.0,1.0,0.0,0.0,1.0,0.0
35.0,16.0,46.5,2.5,10.0,10.0,3.0,7.0,689.0350000000001,24,1.0,0.0,1.0,0.0,1.0,0.0,0.0
23.80952381,23.80952381,47.61904762,4.761904762,14.02128812,25.0,3.0,6.0,,24,1.0,0.0,1.0,0.0,0.0,0.0,1.0
17.3,12.5,24.2,1.0,10.0,15.0,2.0,14.0,884.4799999999991,24,1.0,0.0,1.0,0.0,0.0,1.0,0.0
17.3,12.5,24.2,1.0,10.0,15.0,2.0,16.0,665.1699999999997,24,1.0,0.0,1.0,0.0,0.0,1.0,0.0
40.0,18.543649193548397,35.68207681365578,1.6555770000000003,10.0,15.0,2.0,13.0,551.8590000000003,24,1.0,0.0,1.0,0.0,0.0,1.0,0.0
23.80952381,23.80952381,47.61904762,4.761904762,10.04013539,25.0,2.0,6.0,,24,1.0,0.0,1.0,0.0,0.0,0.0,1.0
40.0,20.32819220430108,39.11593172119489,1.814901,10.0,15.0,2.0,13.0,604.9670000000001,24,1.0,0.0,1.0,0.0,0.0,1.0,0.0
35.0,16.0,46.5,2.5,10.0,10.0,2.0,7.0,545.8090000000004,24,1.0,0.0,1.0,0.0,1.0,0.0,0.0
17.3,12.5,24.2,1.0,10.0,15.0,2.0,16.0,995.6679999999984,24,1.0,0.0,1.0,0.0,0.0,1.0,0.0
23.80952381,23.80952381,47.61904762,4.761904762,10.04013539,25.0,2.0,6.0,,24,1.0,0.0,1.0,0.0,0.0,0.0,1.0
40.0,13.49442204301076,25.96624854519593,1.204782000000001,10.0,15.0,2.0,10.0,401.5940000000002,24,1.0,0.0,1.0,0.0,0.0,1.0,0.0
17.3,12.5,24.2,1.0,10.0,15.0,4.0,12.0,1682.782,24,1.0,0.0,1.0,0.0,0.0,1.0,0.0
35.0,16.0,46.5,2.5,10.0,10.0,2.0,5.0,504.7560000000004,24,1.0,0.0,1.0,0.0,1.0,0.0,0.0
23.80952381,23.80952381,47.61904762,4.761904762,10.77588088,25.0,2.0,6.0,,24,1.0,0.0,1.0,0.0,0.0,0.0,1.0
35.0,16.0,46.5,2.5,10.0,10.0,3.0,5.0,631.8990000000002,24,1.0,0.0,1.0,0.0,1.0,0.0,0.0
17.3,12.5,24.2,1.0,10.0,15.0,2.0,14.0,639.1319999999998,24,1.0,0.0,1.0,0.0,0.0,1.0,0.0
40.0,15.818044354838722,30.437411095305865,1.4122350000000012,10.0,15.0,2.0,10.0,470.7450000000004,24,1.0,0.0,1.0,0.0,0.0,1.0,0.0
23.80952381,23.80952381,47.61904762,4.761904762,19.46459718,25.0,6.0,6.0,,24,1.0,0.0,1.0,0.0,0.0,0.0,1.0
35.0,16.0,46.5,2.5,10.0,10.0,2.0,8.0,532.8100000000005,24,1.0,0.0,1.0,0.0,1.0,0.0,0.0
40.0,19.01350806451614,36.5861890598733,1.6975260000000008,10.0,15.0,2.0,13.0,565.8420000000003,24,1.0,0.0,1.0,0.0,0.0,1.0,0.0
35.0,16.0,46.5,2.5,10.0,10.0,2.0,6.0,492.7050000000005,24,1.0,0.0,1.0,0.0,1.0,0.0,0.0
17.3,12.5,24.2,1.0,10.0,15.0,2.0,9.0,486.7630000000005,24,1.0,0.0,1.0,0.0,0.0,1.0,0.0
24.905844201593062,20.78763440860215,40.0,1.8559199999999991,10.0,15.0,4.0,12.0,993.5659999999992,24,1.0,0.0,1.0,0.0,0.0,1.0,0.0
35.0,16.0,46.5,2.5,10.0,10.0,3.0,7.0,689.035,24,1.0,0.0,1.0,0.0,1.0,0.0,0.0
17.3,12.5,24.2,1.0,10.0,15.0,3.0,12.0,1213.001999999999,24,1.0,0.0,1.0,0.0,0.0,1.0,0.0
23.80952381,23.80952381,47.61904762,4.761904762,10.19245476,25.0,2.0,6.0,,24,1.0,0.0,1.0,0.0,0.0,0.0,1.0
35.0,16.0,46.5,2.5,10.0,10.0,3.0,7.0,731.116,24,1.0,0.0,1.0,0.0,1.0,0.0,0.0
33.389464594127794,20.787634408602145,40.0,1.8559199999999996,10.0,15.0,4.0,10.0,741.1200000000001,24,1.0,0.0,1.0,0.0,0.0,1.0,0.0
40.0,19.856854838709683,38.20897452476401,1.7728200000000005,10.0,15.0,2.0,13.0,590.9400000000002,24,1.0,0.0,1.0,0.0,0.0,1.0,0.0
40.0,14.84217069892474,28.559614638562024,1.3251090000000008,10.0,15.0,2.0,12.0,441.70300000000026,24,1.0,0.0,1.0,0.0,0.0,1.0,0.0
17.3,12.5,24.2,1.0,10.0,15.0,2.0,14.0,604.9860000000001,24,1.0,0.0,1.0,0.0,0.0,1.0,0.0
17.3,12.5,24.2,1.0,10.0,15.0,2.0,9.0,568.9970000000002,24,1.0,0.0,1.0,0.0,0.0,1.0,0.0
23.80952381,23.80952381,47.61904762,4.761904762,10.19245476,25.0,2.0,6.0,,24,1.0,0.0,1.0,0.0,0.0,0.0,1.0
35.0,16.0,46.5,2.5,10.0,10.0,2.0,7.0,560.8240000000003,24,1.0,0.0,1.0,0.0,1.0,0.0,0.0
35.0,16.0,46.5,2.5,10.0,10.0,2.0,5.0,531.7820000000005,24,1.0,0.0,1.0,0.0,1.0,0.0,0.0
17.3,12.5,24.2,1.0,10.0,15.0,2.0,14.0,813.3569999999993,24,1.0,0.0,1.0,0.0,0.0,1.0,0.0
23.80952381,23.80952381,47.61904762,4.761904762,14.5995359,25.0,3.0,8.0,,24,1.0,0.0,1.0,0.0,0.0,0.0,1.0
40.0,17.23205645161292,33.158282684598504,1.5384780000000011,10.0,15.0,2.0,12.0,512.8260000000005,24,1.0,0.0,1.0,0.0,0.0,1.0,0.0
23.80952381,23.80952381,47.61904762,4.761904762,16.21769967,25.0,4.0,6.0,,24,1.0,0.0,1.0,0.0,0.0,0.0,1.0
35.0,16.0,46.5,2.5,10.0,10.0,2.0,7.0,518.7830000000005,24,1.0,0.0,1.0,0.0,1.0,0.0,0.0
23.80952381,23.80952381,47.61904762,4.761904762,15.83275417,25.0,4.0,6.0,,24,1.0,0.0,1.0,0.0,0.0,0.0,1.0
35.0,16.0,46.5,2.5,10.0,10.0,2.0,7.0,505.7440000000004,24,1.0,0.0,1.0,0.0,1.0,0.0,0.0
17.3,12.5,24.2,1.0,10.0,15.0,2.0,14.0,603.0140000000001,24,1.0,0.0,1.0,0.0,0.0,1.0,0.0
35.0,16.0,46.5,2.5,10.0,10.0,2.0,6.0,420.5940000000003,24,1.0,0.0,1.0,0.0,1.0,0.0,0.0
35.0,16.0,46.5,2.5,10.0,10.0,3.0,5.0,662.9570000000002,24,1.0,0.0,1.0,0.0,1.0,0.0,0.0
23.80952381,23.80952381,47.61904762,4.761904762,16.21769967,25.0,4.0,6.0,,24,1.0,0.0,1.0,0.0,0.0,0.0,1.0
35.0,16.0,46.5,2.5,10.0,10.0,3.0,5.0,591.8340000000002,24,1.0,0.0,1.0,0.0,1.0,0.0,0.0
17.3,12.5,24.2,1.0,10.0,15.0,2.0,14.0,554.9700000000004,24,1.0,0.0,1.0,0.0,0.0,1.0,0.0
35.0,16.0,46.5,2.5,10.0,10.0,3.0,7.0,675.008,24,1.0,0.0,1.0,0.0,1.0,0.0,0.0
35.0,16.0,46.5,2.5,10.0,10.0,2.0,7.0,490.7290000000004,24,1.0,0.0,1.0,0.0,1.0,0.0,0.0
35.0,16.0,46.5,2.5,10.0,10.0,2.0,8.0,602.9050000000002,24,1.0,0.0,1.0,0.0,1.0,0.0,0.0
17.3,12.5,24.2,1.0,10.0,15.0,2.0,16.0,554.9700000000003,24,1.0,0.0,1.0,0.0,0.0,1.0,0.0
35.0,16.0,46.5,2.5,10.0,10.0,2.0,7.0,520.7590000000006,24,1.0,0.0,1.0,0.0,1.0,0.0,0.0
40.0,19.92459677419356,38.339324970903945,1.778868000000001,10.0,15.0,2.0,13.0,592.9560000000004,24,1.0,0.0,1.0,0.0,0.0,1.0,0.0
17.3,12.5,24.2,1.0,10.0,15.0,2.0,14.0,842.3989999999991,24,1.0,0.0,1.0,0.0,0.0,1.0,0.0
23.80952381,23.80952381,47.61904762,4.761904762,17.01712147,25.0,4.0,8.0,,24,1.0,0.0,1.0,0.0,0.0,0.0,1.0
17.3,12.5,24.2,1.0,10.0,15.0,2.0,9.0,456.7810000000005,24,1.0,0.0,1.0,0.0,0.0,1.0,0.0
23.80952381,23.80952381,47.61904762,4.761904762,13.25926179,25.0,3.0,6.0,,24,1.0,0.0,1.0,0.0,0.0,0.0,1.0
23.80952381,23.80952381,47.61904762,4.761904762,11.3873675,25.0,2.0,8.0,,24,1.0,0.0,1.0,0.0,0.0,0.0,1.0
35.0,16.0,46.5,2.5,10.0,10.0,3.0,7.0,703.062,24,1.0,0.0,1.0,0.0,1.0,0.0,0.0
23.80952381,23.80952381,47.61904762,4.761904762,13.25926179,25.0,3.0,6.0,,24,1.0,0.0,1.0,0.0,0.0,0.0,1.0
35.0,16.0,46.5,2.5,10.0,10.0,3.0,7.0,632.9270000000001,24,1.0,0.0,1.0,0.0,1.0,0.0,0.0
40.0,17.63565188172045,33.93488943488948,1.5745110000000015,10.0,15.0,2.0,12.0,524.8370000000006,24,1.0,0.0,1.0,0.0,0.0,1.0,0.0
35.0,16.0,46.5,2.5,10.0,10.0,3.0,5.0,673.9800000000002,24,1.0,0.0,1.0,0.0,1.0,0.0,0.0
35.0,16.0,46.5,2.5,10.0,10.0,2.0,7.0,491.7170000000005,24,1.0,0.0,1.0,0.0,1.0,0.0,0.0
17.3,12.5,24.2,1.0,10.0,15.0,4.0,16.0,1907.2140000000009,24,1.0,0.0,1.0,0.0,0.0,1.0,0.0
35.0,16.0,46.5,2.5,10.0,10.0,2.0,7.0,518.7830000000005,24,1.0,0.0,1.0,0.0,1.0,0.0,0.0
23.80952381,23.80952381,47.61904762,4.761904762,15.83275417,25.0,4.0,6.0,,24,1.0,0.0,1.0,0.0,0.0,0.0,1.0
17.3,12.5,24.2,1.0,10.0,15.0,3.0,14.0,1255.0829999999992,24,1.0,0.0,1.0,0.0,0.0,1.0,0.0
35.0,16.0,46.5,2.5,10.0,10.0,2.0,7.0,504.7560000000004,24,1.0,0.0,1.0,0.0,1.0,0.0,0.0
35.0,16.0,46.5,2.5,10.0,10.0,2.0,8.0,587.8900000000002,24,1.0,0.0,1.0,0.0,1.0,0.0,0.0
17.3,12.5,24.2,1.0,10.0,15.0,2.0,16.0,639.132,24,1.0,0.0,1.0,0.0,0.0,1.0,0.0
31.001132525531936,20.78763440860215,40.0,1.8559199999999991,10.0,15.0,4.0,10.0,798.2159999999998,24,1.0,0.0,1.0,0.0,0.0,1.0,0.0
23.80952381,23.80952381,47.61904762,4.761904762,13.25926179,25.0,3.0,6.0,,24,1.0,0.0,1.0,0.0,0.0,0.0,1.0
35.0,16.0,46.5,2.5,10.0,10.0,2.0,9.0,546.8370000000004,24,1.0,0.0,1.0,0.0,1.0,0.0,0.0
17.3,12.5,24.2,1.0,10.0,15.0,2.0,9.0,534.8510000000006,24,1.0,0.0,1.0,0.0,0.0,1.0,0.0
35.0,16.0,46.5,2.5,10.0,10.0,2.0,8.0,518.7830000000005,24,1.0,0.0,1.0,0.0,1.0,0.0,0.0
35.0,16.0,46.5,2.5,10.0,10.0,2.0,8.0,575.8790000000002,24,1.0,0.0,1.0,0.0,1.0,0.0,0.0
35.0,16.0,46.5,2.5,10.0,10.0,2.0,9.0,602.9050000000002,24,1.0,0.0,1.0,0.0,1.0,0.0,0.0
35.0,16.0,46.5,2.5,10.0,10.0,2.0,7.0,587.8900000000002,24,1.0,0.0,1.0,0.0,1.0,0.0,0.0
35.0,16.0,46.5,2.5,10.0,10.0,2.0,7.0,517.7550000000006,24,1.0,0.0,1.0,0.0,1.0,0.0,0.0
23.80952381,23.80952381,47.61904762,4.761904762,13.25926179,25.0,3.0,6.0,,24,1.0,0.0,1.0,0.0,0.0,0.0,1.0
23.80952381,23.80952381,47.61904762,4.761904762,10.19245476,25.0,2.0,6.0,,24,1.0,0.0,1.0,0.0,0.0,0.0,1.0
23.80952381,23.80952381,47.61904762,4.761904762,16.21769967,25.0,4.0,6.0,,24,1.0,0.0,1.0,0.0,0.0,0.0,1.0
17.3,12.5,24.2,1.0,10.0,15.0,3.0,16.0,1339.244999999999,24,1.0,0.0,1.0,0.0,0.0,1.0,0.0
17.3,12.5,24.2,1.0,10.0,15.0,2.0,9.0,484.8350000000005,24,1.0,0.0,1.0,0.0,0.0,1.0,0.0
17.3,12.5,24.2,1.0,10.0,15.0,2.0,14.0,583.0240000000003,24,1.0,0.0,1.0,0.0,0.0,1.0,0.0
17.3,12.5,24.2,1.0,10.0,15.0,2.0,9.0,540.9430000000004,24,1.0,0.0,1.0,0.0,0.0,1.0,0.0
17.3,12.5,24.2,1.0,10.0,15.0,3.0,16.0,1381.325999999999,24,1.0,0.0,1.0,0.0,0.0,1.0,0.0
40.0,14.571202956989254,28.038212854002342,1.3009170000000003,10.0,15.0,2.0,10.0,433.6390000000002,24,1.0,0.0,1.0,0.0,0.0,1.0,0.0
35.0,16.0,46.5,2.5,10.0,10.0,2.0,8.0,545.8090000000004,24,1.0,0.0,1.0,0.0,1.0,0.0,0.0
40.0,17.2652553763441,33.222164748480566,1.5414420000000009,10.0,15.0,2.0,10.0,513.8140000000004,24,1.0,0.0,1.0,0.0,0.0,1.0,0.0
23.80952381,23.80952381,47.61904762,4.761904762,10.59793674,25.0,2.0,8.0,,24,1.0,0.0,1.0,0.0,0.0,0.0,1.0
40.0,19.14909274193549,36.84708392603131,1.7096310000000003,10.0,15.0,2.0,13.0,569.8770000000002,24,1.0,0.0,1.0,0.0,0.0,1.0,0.0
23.80952381,23.80952381,47.61904762,4.761904762,16.21769967,25.0,4.0,6.0,,24,1.0,0.0,1.0,0.0,0.0,0.0,1.0
40.0,15.312029569892484,29.46372688477954,1.3670580000000008,10.0,15.0,2.0,10.0,455.6860000000003,24,1.0,0.0,1.0,0.0,0.0,1.0,0.0
40.0,19.924596774193557,38.33932497090394,1.7788680000000006,10.0,15.0,2.0,13.0,592.9560000000002,24,1.0,0.0,1.0,0.0,0.0,1.0,0.0
28.076927440857784,20.78763440860215,40.0,1.85592,10.0,15.0,4.0,10.0,881.3499999999997,24,1.0,0.0,1.0,0.0,0.0,1.0,0.0
23.80952381,23.80952381,47.61904762,4.761904762,11.35743149,25.0,2.0,8.0,,24,1.0,0.0,1.0,0.0,0.0,0.0,1.0
40.0,16.760719086021517,32.25132548816762,1.4963970000000009,10.0,15.0,2.0,12.0,498.7990000000004,24,1.0,0.0,1.0,0.0,0.0,1.0,0.0
23.80952381,23.80952381,47.61904762,4.761904762,17.66716172,25.0,4.0,8.0,,24,1.0,0.0,1.0,0.0,0.0,0.0,1.0
35.0,16.0,46.5,2.5,10.0,10.0,2.0,9.0,560.8640000000004,24,1.0,0.0,1.0,0.0,1.0,0.0,0.0
35.0,16.0,46.5,2.5,10.0,10.0,3.0,7.0,747.1189999999998,24,1.0,0.0,1.0,0.0,1.0,0.0,0.0
17.3,12.5,24.2,1.0,10.0,15.0,2.0,9.0,504.8250000000005,24,1.0,0.0,1.0,0.0,0.0,1.0,0.0
17.3,12.5,24.2,1.0,10.0,15.0,2.0,12.0,785.3029999999994,24,1.0,0.0,1.0,0.0,0.0,1.0,0.0
40.0,13.96575940860216,26.873205741626812,1.2468630000000005,10.0,15.0,2.0,10.0,415.62100000000027,24,1.0,0.0,1.0,0.0,0.0,1.0,0.0
28.529692873687267,20.78763440860215,40.0,1.8559199999999996,10.0,15.0,4.0,12.0,867.3629999999996,24,1.0,0.0,1.0,0.0,0.0,1.0,0.0
17.3,12.5,24.2,1.0,10.0,15.0,2.0,14.0,574.9600000000003,24,1.0,0.0,1.0,0.0,0.0,1.0,0.0
23.80952381,23.80952381,47.61904762,4.761904762,19.16332115,25.0,4.0,12.0,,24,1.0,0.0,1.0,0.0,0.0,0.0,1.0
17.3,12.5,24.2,1.0,10.0,15.0,2.0,9.0,716.1559999999996,24,1.0,0.0,1.0,0.0,0.0,1.0,0.0
35.0,16.0,46.5,2.5,10.0,10.0,3.0,7.0,675.008,24,1.0,0.0,1.0,0.0,1.0,0.0,0.0
35.0,16.0,46.5,2.5,10.0,10.0,2.0,5.0,503.7280000000004,24,1.0,0.0,1.0,0.0,1.0,0.0,0.0
23.80952381,23.80952381,47.61904762,4.761904762,14.02128812,25.0,3.0,8.0,,24,1.0,0.0,1.0,0.0,0.0,0.0,1.0
23.80952381,23.80952381,47.61904762,4.761904762,10.74465095,25.0,2.0,8.0,,24,1.0,0.0,1.0,0.0,0.0,0.0,1.0
40.0,17.063373655913992,32.8336997284366,1.523418000000001,10.0,15.0,2.0,13.0,507.8060000000004,24,1.0,0.0,1.0,0.0,0.0,1.0,0.0
17.3,12.5,24.2,1.0,10.0,15.0,2.0,12.0,743.2219999999994,24,1.0,0.0,1.0,0.0,0.0,1.0,0.0
35.0,16.0,46.5,2.5,10.0,10.0,2.0,9.0,573.8630000000003,24,1.0,0.0,1.0,0.0,1.0,0.0,0.0
17.3,12.5,24.2,1.0,10.0,15.0,2.0,9.0,659.0599999999998,24,1.0,0.0,1.0,0.0,0.0,1.0,0.0
40.0,18.072311827957,34.7751196172249,1.6134960000000005,10.0,15.0,2.0,13.0,537.8320000000002,24,1.0,0.0,1.0,0.0,0.0,1.0,0.0
35.0,16.0,46.5,2.5,10.0,10.0,2.0,7.0,504.7560000000005,24,1.0,0.0,1.0,0.0,1.0,0.0,0.0
17.3,12.5,24.2,1.0,10.0,15.0,3.0,14.0,1297.163999999999,24,1.0,0.0,1.0,0.0,0.0,1.0,0.0
17.3,12.5,24.2,1.0,10.0,15.0,2.0,12.0,583.0240000000002,24,1.0,0.0,1.0,0.0,0.0,1.0,0.0
17.3,12.5,24.2,1.0,10.0,15.0,2.0,14.0,799.3299999999992,24,1.0,0.0,1.0,0.0,0.0,1.0,0.0
35.0,16.0,46.5,2.5,10.0,10.0,3.0,7.0,773.1569999999997,24,1.0,0.0,1.0,0.0,1.0,0.0,0.0
40.0,14.336290322580652,27.586189059873284,1.2799440000000004,10.0,15.0,2.0,10.0,426.6480000000002,24,1.0,0.0,1.0,0.0,0.0,1.0,0.0
17.3,12.5,24.2,1.0,10.0,15.0,2.0,9.0,560.9330000000004,24,1.0,0.0,1.0,0.0,0.0,1.0,0.0
23.80952381,23.80952381,47.61904762,4.761904762,20.34987096,25.0,6.0,6.0,,24,1.0,0.0,1.0,0.0,0.0,0.0,1.0
23.80952381,23.80952381,47.61904762,4.761904762,19.46459718,25.0,6.0,6.0,,24,1.0,0.0,1.0,0.0,0.0,0.0,1.0
35.0,16.0,46.5,2.5,10.0,10.0,2.0,7.0,504.7560000000005,24,1.0,0.0,1.0,0.0,1.0,0.0,0.0
35.0,16.0,46.5,2.5,10.0,10.0,3.0,5.0,633.9150000000002,24,1.0,0.0,1.0,0.0,1.0,0.0,0.0
35.0,16.0,46.5,2.5,10.0,10.0,3.0,7.0,704.0500000000001,24,1.0,0.0,1.0,0.0,1.0,0.0,0.0
35.0,16.0,46.5,2.5,10.0,10.0,2.0,9.0,587.8900000000002,24,1.0,0.0,1.0,0.0,1.0,0.0,0.0
17.3,12.5,24.2,1.0,10.0,15.0,2.0,16.0,1010.6829999999984,24,1.0,0.0,1.0,0.0,0.0,1.0,0.0
23.80952381,23.80952381,47.61904762,4.761904762,19.46459718,25.0,6.0,6.0,,24,1.0,0.0,1.0,0.0,0.0,0.0,1.0
35.0,16.0,46.5,2.5,10.0,10.0,2.0,8.0,518.7830000000006,24,1.0,0.0,1.0,0.0,1.0,0.0,0.0
35.0,16.0,46.5,2.5,10.0,10.0,2.0,7.0,588.8780000000004,24,1.0,0.0,1.0,0.0,1.0,0.0,0.0
23.80952381,23.80952381,47.61904762,4.761904762,17.01712147,25.0,4.0,6.0,,24,1.0,0.0,1.0,0.0,0.0,0.0,1.0
17.3,12.5,24.2,1.0,10.0,15.0,2.0,16.0,603.014,24,1.0,0.0,1.0,0.0,0.0,1.0,0.0
40.0,15.851108870967751,30.501034527350345,1.4151870000000009,10.0,15.0,2.0,12.0,471.7290000000004,24,1.0,0.0,1.0,0.0,0.0,1.0,0.0
35.0,16.0,46.5,2.5,10.0,10.0,3.0,7.0,705.038,24,1.0,0.0,1.0,0.0,1.0,0.0,0.0
35.0,16.0,46.5,2.5,10.0,10.0,3.0,6.0,688.9950000000001,24,1.0,0.0,1.0,0.0,1.0,0.0,0.0
40.0,19.88991935483871,38.27259795680849,1.775772,10.0,15.0,2.0,13.0,591.9240000000001,24,1.0,0.0,1.0,0.0,0.0,1.0,0.0
23.80952381,23.80952381,47.61904762,4.761904762,17.2775286,25.0,4.0,8.0,,24,1.0,0.0,1.0,0.0,0.0,0.0,1.0
17.3,12.5,24.2,1.0,10.0,15.0,2.0,9.0,532.8790000000007,24,1.0,0.0,1.0,0.0,0.0,1.0,0.0
23.80952381,23.80952381,47.61904762,4.761904762,16.21769967,25.0,4.0,6.0,,24,1.0,0.0,1.0,0.0,0.0,0.0,1.0
40.0,14.77442876344087,28.42926419242211,1.319061000000001,10.0,15.0,2.0,10.0,439.6870000000003,24,1.0,0.0,1.0,0.0,0.0,1.0,0.0
35.0,16.0,46.5,2.5,10.0,10.0,2.0,5.0,491.7170000000005,24,1.0,0.0,1.0,0.0,1.0,0.0,0.0
23.80952381,23.80952381,47.61904762,4.761904762,19.46459718,25.0,6.0,6.0,,24,1.0,0.0,1.0,0.0,0.0,0.0,1.0
40.0,20.225907258064524,38.91911289279712,1.8057690000000004,10.0,15.0,2.0,13.0,601.9230000000002,24,1.0,0.0,1.0,0.0,0.0,1.0,0.0
35.0,16.0,46.5,2.5,10.0,10.0,3.0,5.0,590.8460000000002,24,1.0,0.0,1.0,0.0,1.0,0.0,0.0
40.0,14.404032258064523,27.71653950601321,1.2859920000000005,10.0,15.0,2.0,10.0,428.6640000000002,24,1.0,0.0,1.0,0.0,0.0,1.0,0.0
23.80952381,23.80952381,47.61904762,4.761904762,15.83275417,25.0,4.0,6.0,,24,1.0,0.0,1.0,0.0,0.0,0.0,1.0
35.0,16.0,46.5,2.5,10.0,10.0,2.0,7.0,534.7860000000005,24,1.0,0.0,1.0,0.0,1.0,0.0,0.0
35.0,16.0,46.5,2.5,10.0,10.0,2.0,8.0,546.8370000000004,24,1.0,0.0,1.0,0.0,1.0,0.0,0.0
17.3,12.5,24.2,1.0,10.0,15.0,3.0,9.0,1086.7589999999989,24,1.0,0.0,1.0,0.0,0.0,1.0,0.0
35.0,16.0,46.5,2.5,10.0,10.0,2.0,5.0,434.62100000000027,24,1.0,0.0,1.0,0.0,1.0,0.0,0.0
35.0,16.0,46.5,2.5,10.0,10.0,2.0,7.0,546.7970000000005,24,1.0,0.0,1.0,0.0,1.0,0.0,0.0
23.80952381,23.80952381,47.61904762,4.761904762,14.64689559,25.0,3.0,8.0,,24,1.0,0.0,1.0,0.0,0.0,0.0,1.0
17.3,12.5,24.2,1.0,10.0,15.0,2.0,14.0,640.0759999999998,24,1.0,0.0,1.0,0.0,0.0,1.0,0.0
23.80952381,23.80952381,47.61904762,4.761904762,20.34987096,25.0,6.0,8.0,,24,1.0,0.0,1.0,0.0,0.0,0.0,1.0
35.4474768368639,20.78763440860215,40.0,1.8559199999999996,10.0,15.0,3.0,12.0,698.0920000000001,24,1.0,0.0,1.0,0.0,0.0,1.0,0.0
35.0,16.0,46.5,2.5,10.0,10.0,3.0,5.0,661.9690000000002,24,1.0,0.0,1.0,0.0,1.0,0.0,0.0
17.3,12.5,24.2,1.0,10.0,15.0,2.0,16.0,869.464999999999,24,1.0,0.0,1.0,0.0,0.0,1.0,0.0
17.3,12.5,24.2,1.0,10.0,15.0,2.0,9.0,702.1289999999997,24,1.0,0.0,1.0,0.0,0.0,1.0,0.0
35.0,16.0,46.5,2.5,10.0,10.0,3.0,5.0,590.8460000000002,24,1.0,0.0,1.0,0.0,1.0,0.0,0.0
40.0,16.320967741935494,31.405146773567857,1.4571360000000009,10.0,15.0,2.0,12.0,485.7120000000004,24,1.0,0.0,1.0,0.0,0.0,1.0,0.0
35.0,16.0,46.5,2.5,10.0,10.0,2.0,6.0,531.7820000000005,24,1.0,0.0,1.0,0.0,1.0,0.0,0.0
35.0,16.0,46.5,2.5,10.0,10.0,2.0,6.0,503.7280000000005,24,1.0,0.0,1.0,0.0,1.0,0.0,0.0
30.24073460778432,20.787634408602152,40.0,1.85592,10.0,15.0,3.0,13.0,818.2869999999997,24,1.0,0.0,1.0,0.0,0.0,1.0,0.0
35.0,16.0,46.5,2.5,10.0,10.0,2.0,8.0,547.8250000000004,24,1.0,0.0,1.0,0.0,1.0,0.0,0.0
17.3,12.5,24.2,1.0,10.0,15.0,2.0,14.0,637.1159999999999,24,1.0,0.0,1.0,0.0,0.0,1.0,0.0
17.3,12.5,24.2,1.0,10.0,15.0,2.0,12.0,611.078,24,1.0,0.0,1.0,0.0,0.0,1.0,0.0
35.0,16.0,46.5,2.5,10.0,10.0,3.0,7.0,718.077,24,1.0,0.0,1.0,0.0,1.0,0.0,0.0
35.0,16.0,46.5,2.5,10.0,10.0,2.0,7.0,462.6750000000003,24,1.0,0.0,1.0,0.0,1.0,0.0,0.0
35.0,16.0,46.5,2.5,10.0,10.0,3.0,5.0,646.9140000000002,24,1.0,0.0,1.0,0.0,1.0,0.0,0.0
23.80952381,23.80952381,47.61904762,4.761904762,10.04013539,25.0,2.0,6.0,,24,1.0,0.0,1.0,0.0,0.0,0.0,1.0
17.3,12.5,24.2,1.0,10.0,15.0,2.0,9.0,540.9430000000006,24,1.0,0.0,1.0,0.0,0.0,1.0,0.0
40.0,18.98192204301076,36.52541057804218,1.6947060000000005,10.0,15.0,2.0,13.0,564.9020000000003,24,1.0,0.0,1.0,0.0,0.0,1.0,0.0
17.3,12.5,24.2,1.0,10.0,15.0,2.0,14.0,841.4109999999991,24,1.0,0.0,1.0,0.0,0.0,1.0,0.0
23.80952381,23.80952381,47.61904762,4.761904762,21.00407112,25.0,6.0,8.0,,24,1.0,0.0,1.0,0.0,0.0,0.0,1.0
23.80952381,23.80952381,47.61904762,4.761904762,16.21769967,25.0,4.0,6.0,,24,1.0,0.0,1.0,0.0,0.0,0.0,1.0
17.3,12.5,24.2,1.0,10.0,15.0,4.0,9.0,1514.458,24,1.0,0.0,1.0,0.0,0.0,1.0,0.0
40.0,16.254838709677433,31.277899909478887,1.451232000000001,10.0,15.0,2.0,10.0,483.7440000000004,24,1.0,0.0,1.0,0.0,0.0,1.0,0.0
23.80952381,23.80952381,47.61904762,4.761904762,10.04013539,25.0,2.0,6.0,,24,1.0,0.0,1.0,0.0,0.0,0.0,1.0
27.18006396963201,20.78763440860215,40.0,1.85592,10.0,15.0,4.0,12.0,910.4319999999996,24,1.0,0.0,1.0,0.0,0.0,1.0,0.0
40.0,18.14018817204303,34.90572869520242,1.6195560000000015,10.0,15.0,2.0,12.0,539.8520000000005,24,1.0,0.0,1.0,0.0,0.0,1.0,0.0
17.3,12.5,24.2,1.0,10.0,15.0,2.0,12.0,640.0759999999997,24,1.0,0.0,1.0,0.0,0.0,1.0,0.0
17.3,12.5,24.2,1.0,10.0,15.0,2.0,16.0,667.1859999999997,24,1.0,0.0,1.0,0.0,0.0,1.0,0.0
23.80952381,23.80952381,47.61904762,4.761904762,17.32804349,25.0,4.0,8.0,,24,1.0,0.0,1.0,0.0,0.0,0.0,1.0
23.80952381,23.80952381,47.61904762,4.761904762,11.85778082,25.0,2.0,8.0,,24,1.0,0.0,1.0,0.0,0.0,0.0,1.0
35.0,16.0,46.5,2.5,10.0,10.0,3.0,6.0,590.8460000000002,24,1.0,0.0,1.0,0.0,1.0,0.0,0.0
35.0,16.0,46.5,2.5,10.0,10.0,3.0,7.0,731.0759999999999,24,1.0,0.0,1.0,0.0,1.0,0.0,0.0
23.80952381,23.80952381,47.61904762,4.761904762,10.19245476,25.0,2.0,6.0,,24,1.0,0.0,1.0,0.0,0.0,0.0,1.0
23.80952381,23.80952381,47.61904762,4.761904762,13.25926179,25.0,3.0,6.0,,24,1.0,0.0,1.0,0.0,0.0,0.0,1.0
17.3,12.5,24.2,1.0,10.0,15.0,2.0,12.0,576.9320000000002,24,1.0,0.0,1.0,0.0,0.0,1.0,0.0
35.0,16.0,46.5,2.5,10.0,10.0,2.0,6.0,476.70200000000045,24,1.0,0.0,1.0,0.0,1.0,0.0,0.0
35.0,16.0,46.5,2.5,10.0,10.0,2.0,5.0,463.6630000000003,24,1.0,0.0,1.0,0.0,1.0,0.0,0.0
40.0,17.16431451612905,33.02793223845859,1.5324300000000013,10.0,15.0,2.0,12.0,510.8100000000005,24,1.0,0.0,1.0,0.0,0.0,1.0,0.0
24.08042638204868,20.78763440860215,40.0,1.85592,10.0,15.0,4.0,13.0,1027.6229999999994,24,1.0,0.0,1.0,0.0,0.0,1.0,0.0
35.0,16.0,46.5,2.5,10.0,10.0,2.0,5.0,574.8510000000002,24,1.0,0.0,1.0,0.0,1.0,0.0,0.0
35.0,16.0,46.5,2.5,10.0,10.0,2.0,8.0,504.7560000000005,24,1.0,0.0,1.0,0.0,1.0,0.0,0.0
23.80952381,23.80952381,47.61904762,4.761904762,17.61814833,25.0,4.0,8.0,,24,1.0,0.0,1.0,0.0,0.0,0.0,1.0
35.0,16.0,46.5,2.5,10.0,10.0,2.0,5.0,546.7970000000005,24,1.0,0.0,1.0,0.0,1.0,0.0,0.0
23.80952381,23.80952381,47.61904762,4.761904762,19.46459718,25.0,6.0,6.0,,24,1.0,0.0,1.0,0.0,0.0,0.0,1.0
17.3,12.5,24.2,1.0,10.0,15.0,2.0,16.0,940.5879999999988,24,1.0,0.0,1.0,0.0,0.0,1.0,0.0
35.0,16.0,46.5,2.5,10.0,10.0,2.0,5.0,462.6750000000003,24,1.0,0.0,1.0,0.0,1.0,0.0,0.0
38.06710847747564,20.787634408602145,40.0,1.8559199999999996,10.0,15.0,2.0,13.0,650.052,24,1.0,0.0,1.0,0.0,0.0,1.0,0.0
17.3,12.5,24.2,1.0,10.0,15.0,4.0,14.0,1794.9980000000005,24,1.0,0.0,1.0,0.0,0.0,1.0,0.0
23.80952381,23.80952381,47.61904762,4.761904762,11.89655679,25.0,2.0,8.0,,24,1.0,0.0,1.0,0.0,0.0,0.0,1.0
23.80952381,23.80952381,47.61904762,4.761904762,16.65781575,25.0,4.0,6.0,,24,1.0,0.0,1.0,0.0,0.0,0.0,1.0
35.0,16.0,46.5,2.5,10.0,10.0,3.0,7.0,675.9960000000001,24,1.0,0.0,1.0,0.0,1.0,0.0,0.0
35.0,16.0,46.5,2.5,10.0,10.0,3.0,7.0,660.9810000000001,24,1.0,0.0,1.0,0.0,1.0,0.0,0.0
17.3,12.5,24.2,1.0,10.0,15.0,2.0,9.0,512.8890000000006,24,1.0,0.0,1.0,0.0,0.0,1.0,0.0
35.0,16.0,46.5,2.5,10.0,10.0,2.0,5.0,492.7050000000004,24,1.0,0.0,1.0,0.0,1.0,0.0,0.0
17.3,12.5,24.2,1.0,10.0,15.0,2.0,14.0,668.1299999999995,24,1.0,0.0,1.0,0.0,0.0,1.0,0.0
35.0,16.0,46.5,2.5,10.0,10.0,3.0,7.0,744.1149999999999,24,1.0,0.0,1.0,0.0,1.0,0.0,0.0
17.3,12.5,24.2,1.0,10.0,15.0,2.0,12.0,546.9060000000004,24,1.0,0.0,1.0,0.0,0.0,1.0,0.0
32.769248901207305,20.787634408602145,40.0,1.8559199999999996,10.0,15.0,4.0,10.0,755.147,24,1.0,0.0,1.0,0.0,0.0,1.0,0.0
17.3,12.5,24.2,1.0,10.0,15.0,2.0,12.0,898.4669999999991,24,1.0,0.0,1.0,0.0,0.0,1.0,0.0
23.80952381,23.80952381,47.61904762,4.761904762,10.77588088,25.0,2.0,6.0,,24,1.0,0.0,1.0,0.0,0.0,0.0,1.0
35.0,16.0,46.5,2.5,10.0,10.0,2.0,7.0,630.9590000000002,24,1.0,0.0,1.0,0.0,1.0,0.0,0.0
17.3,12.5,24.2,1.0,10.0,15.0,2.0,16.0,898.5069999999989,24,1.0,0.0,1.0,0.0,0.0,1.0,0.0
35.0,16.0,46.5,2.5,10.0,10.0,2.0,8.0,602.9050000000002,24,1.0,0.0,1.0,0.0,1.0,0.0,0.0
35.0,16.0,46.5,2.5,10.0,10.0,2.0,7.0,576.8670000000003,24,1.0,0.0,1.0,0.0,1.0,0.0,0.0
23.80952381,23.80952381,47.61904762,4.761904762,10.19245476,25.0,2.0,6.0,,24,1.0,0.0,1.0,0.0,0.0,0.0,1.0
23.80952381,23.80952381,47.61904762,4.761904762,10.77588088,25.0,2.0,6.0,,24,1.0,0.0,1.0,0.0,0.0,0.0,1.0
35.0,16.0,46.5,2.5,10.0,10.0,2.0,5.0,520.7590000000006,24,1.0,0.0,1.0,0.0,1.0,0.0,0.0
35.0,16.0,46.5,2.5,10.0,10.0,3.0,7.0,759.1299999999998,24,1.0,0.0,1.0,0.0,1.0,0.0,0.0
35.0,16.0,46.5,2.5,10.0,10.0,2.0,6.0,574.8510000000002,24,1.0,0.0,1.0,0.0,1.0,0.0,0.0
23.80952381,23.80952381,47.61904762,4.761904762,10.19245476,25.0,2.0,6.0,,24,1.0,0.0,1.0,0.0,0.0,0.0,1.0
35.0,16.0,46.5,2.5,10.0,10.0,2.0,7.0,533.7980000000005,24,1.0,0.0,1.0,0.0,1.0,0.0,0.0
17.3,12.5,24.2,1.0,10.0,15.0,2.0,12.0,786.2909999999994,24,1.0,0.0,1.0,0.0,0.0,1.0,0.0
35.0,16.0,46.5,2.5,10.0,10.0,3.0,5.0,548.7650000000004,24,1.0,0.0,1.0,0.0,1.0,0.0,0.0
17.3,12.5,24.2,1.0,10.0,15.0,2.0,9.0,566.9810000000002,24,1.0,0.0,1.0,0.0,0.0,1.0,0.0
23.80952381,23.80952381,47.61904762,4.761904762,16.21769967,25.0,4.0,6.0,,24,1.0,0.0,1.0,0.0,0.0,0.0,1.0
17.3,12.5,24.2,1.0,10.0,15.0,2.0,9.0,799.2899999999995,24,1.0,0.0,1.0,0.0,0.0,1.0,0.0
40.0,15.64801747311829,30.11024182076816,1.3970550000000006,10.0,15.0,2.0,10.0,465.6850000000003,24,1.0,0.0,1.0,0.0,0.0,1.0,0.0
17.3,12.5,24.2,1.0,10.0,15.0,2.0,14.0,939.5599999999988,24,1.0,0.0,1.0,0.0,0.0,1.0,0.0
23.80952381,23.80952381,47.61904762,4.761904762,10.77588088,25.0,2.0,6.0,,24,1.0,0.0,1.0,0.0,0.0,0.0,1.0
35.0,16.0,46.5,2.5,10.0,10.0,3.0,7.0,758.1419999999998,24,1.0,0.0,1.0,0.0,1.0,0.0,0.0
35.0,16.0,46.5,2.5,10.0,10.0,3.0,5.0,617.8720000000002,24,1.0,0.0,1.0,0.0,1.0,0.0,0.0
35.0,16.0,46.5,2.5,10.0,10.0,2.0,5.0,420.5940000000002,24,1.0,0.0,1.0,0.0,1.0,0.0,0.0
17.3,12.5,24.2,1.0,10.0,15.0,2.0,16.0,633.0399999999998,24,1.0,0.0,1.0,0.0,0.0,1.0,0.0
40.0,14.37083333333334,27.652657442131144,1.2830280000000005,10.0,15.0,2.0,12.0,427.6760000000002,24,1.0,0.0,1.0,0.0,0.0,1.0,0.0
35.0,16.0,46.5,2.5,10.0,10.0,3.0,5.0,618.9000000000002,24,1.0,0.0,1.0,0.0,1.0,0.0,0.0
17.3,12.5,24.2,1.0,10.0,15.0,2.0,14.0,556.8980000000003,24,1.0,0.0,1.0,0.0,0.0,1.0,0.0
23.80952381,23.80952381,47.61904762,4.761904762,19.46459718,25.0,6.0,6.0,,24,1.0,0.0,1.0,0.0,0.0,0.0,1.0
21.446561266603467,20.787634408602145,40.0,1.8559199999999996,10.0,15.0,4.0,13.0,1153.825999999999,24,1.0,0.0,1.0,0.0,0.0,1.0,0.0
35.0,16.0,46.5,2.5,10.0,10.0,2.0,8.0,547.8250000000005,24,1.0,0.0,1.0,0.0,1.0,0.0,0.0
35.0,16.0,46.5,2.5,10.0,10.0,3.0,6.0,604.8730000000002,24,1.0,0.0,1.0,0.0,1.0,0.0,0.0
35.0,16.0,46.5,2.5,10.0,10.0,2.0,5.0,476.70200000000034,24,1.0,0.0,1.0,0.0,1.0,0.0,0.0
23.80952381,23.80952381,47.61904762,4.761904762,21.05699789,25.0,6.0,8.0,,24,1.0,0.0,1.0,0.0,0.0,0.0,1.0
40.0,19.150604838709693,36.849993534204096,1.7097660000000012,10.0,15.0,2.0,12.0,569.9220000000005,24,1.0,0.0,1.0,0.0,0.0,1.0,0.0
15.0,15.0,30.0,3.0,20.0,25.0,5.0,6.0,1028.3290000000002,24,1.0,0.0,1.0,0.0,0.0,0.0,1.0
15.0,15.0,30.0,3.0,20.0,25.0,5.0,8.0,1168.5990000000002,24,1.0,0.0,1.0,0.0,0.0,0.0,1.0
15.0,15.0,30.0,3.0,20.0,25.0,5.0,10.0,1308.8690000000006,24,1.0,0.0,1.0,0.0,0.0,0.0,1.0
15.0,15.0,30.0,3.0,20.0,25.0,5.0,9.0,1308.8690000000006,24,1.0,0.0,1.0,0.0,0.0,0.0,1.0
15.0,15.0,30.0,3.0,20.0,25.0,5.0,12.0,1449.139000000001,24,1.0,0.0,1.0,0.0,0.0,0.0,1.0
15.0,15.0,30.0,3.0,20.0,25.0,5.0,14.0,1589.4090000000012,24,1.0,0.0,1.0,0.0,0.0,0.0,1.0
15.0,15.0,30.0,3.0,20.0,25.0,9.0,6.0,1349.026,24,1.0,0.0,1.0,0.0,0.0,0.0,1.0
15.0,15.0,30.0,3.0,20.0,25.0,9.0,8.0,1601.5120000000006,24,1.0,0.0,1.0,0.0,0.0,0.0,1.0
15.0,15.0,30.0,3.0,20.0,25.0,9.0,10.0,1853.998000000001,24,1.0,0.0,1.0,0.0,0.0,0.0,1.0
15.0,15.0,30.0,3.0,20.0,25.0,9.0,9.0,1853.998,24,1.0,0.0,1.0,0.0,0.0,0.0,1.0
15.0,15.0,30.0,3.0,20.0,25.0,9.0,12.0,2106.4840000000013,24,1.0,0.0,1.0,0.0,0.0,0.0,1.0
15.0,15.0,30.0,3.0,20.0,25.0,9.0,14.0,2358.9700000000007,24,1.0,0.0,1.0,0.0,0.0,0.0,1.0
15.0,15.0,30.0,3.0,20.0,25.0,9.0,6.0,1487.0570000000007,24,1.0,0.0,1.0,0.0,0.0,0.0,1.0
15.0,15.0,30.0,3.0,20.0,25.0,9.0,8.0,1739.5430000000003,24,1.0,0.0,1.0,0.0,0.0,0.0,1.0
15.0,15.0,30.0,3.0,20.0,25.0,9.0,10.0,1992.029000000001,24,1.0,0.0,1.0,0.0,0.0,0.0,1.0
15.0,15.0,30.0,3.0,20.0,25.0,9.0,9.0,1992.029,24,1.0,0.0,1.0,0.0,0.0,0.0,1.0
15.0,15.0,30.0,3.0,20.0,25.0,9.0,12.0,2244.5150000000003,24,1.0,0.0,1.0,0.0,0.0,0.0,1.0
15.0,15.0,30.0,3.0,20.0,25.0,9.0,14.0,2497.0009999999997,24,1.0,0.0,1.0,0.0,0.0,0.0,1.0
15.0,15.0,30.0,3.0,20.0,25.0,7.0,6.0,1197.684999999999,24,1.0,0.0,1.0,0.0,0.0,0.0,1.0
15.0,15.0,30.0,3.0,20.0,25.0,7.0,8.0,1394.0629999999992,24,1.0,0.0,1.0,0.0,0.0,0.0,1.0
15.0,15.0,30.0,3.0,20.0,25.0,7.0,10.0,1590.4409999999991,24,1.0,0.0,1.0,0.0,0.0,0.0,1.0
15.0,15.0,30.0,3.0,20.0,25.0,7.0,9.0,1590.4409999999991,24,1.0,0.0,1.0,0.0,0.0,0.0,1.0
15.0,15.0,30.0,3.0,20.0,25.0,7.0,12.0,1786.819,24,1.0,0.0,1.0,0.0,0.0,0.0,1.0
15.0,15.0,30.0,3.0,20.0,25.0,7.0,14.0,1983.1970000000003,24,1.0,0.0,1.0,0.0,0.0,0.0,1.0
15.0,15.0,30.0,3.0,20.0,25.0,5.0,6.0,1378.7840000000008,24,1.0,0.0,1.0,0.0,0.0,0.0,1.0
15.0,15.0,30.0,3.0,20.0,25.0,5.0,8.0,1519.054000000001,24,1.0,0.0,1.0,0.0,0.0,0.0,1.0
15.0,15.0,30.0,3.0,20.0,25.0,5.0,7.0,1519.0540000000003,24,1.0,0.0,1.0,0.0,0.0,0.0,1.0
15.0,15.0,30.0,3.0,20.0,25.0,5.0,10.0,1659.3240000000012,24,1.0,0.0,1.0,0.0,0.0,0.0,1.0
15.0,15.0,30.0,3.0,20.0,25.0,5.0,12.0,1799.5940000000007,24,1.0,0.0,1.0,0.0,0.0,0.0,1.0
15.0,15.0,30.0,3.0,20.0,25.0,9.0,6.0,1979.8450000000007,24,1.0,0.0,1.0,0.0,0.0,0.0,1.0
15.0,15.0,30.0,3.0,20.0,25.0,9.0,8.0,2232.3310000000006,24,1.0,0.0,1.0,0.0,0.0,0.0,1.0
15.0,15.0,30.0,3.0,20.0,25.0,9.0,7.0,2232.330999999999,24,1.0,0.0,1.0,0.0,0.0,0.0,1.0
15.0,15.0,30.0,3.0,20.0,25.0,9.0,10.0,2484.817,24,1.0,0.0,1.0,0.0,0.0,0.0,1.0
15.0,15.0,30.0,3.0,20.0,25.0,9.0,12.0,2737.3030000000003,24,1.0,0.0,1.0,0.0,0.0,0.0,1.0
15.0,15.0,30.0,3.0,20.0,25.0,9.0,6.0,2117.8759999999997,24,1.0,0.0,1.0,0.0,0.0,0.0,1.0
15.0,15.0,30.0,3.0,20.0,25.0,9.0,8.0,2370.3619999999996,24,1.0,0.0,1.0,0.0,0.0,0.0,1.0
15.0,15.0,30.0,3.0,20.0,25.0,9.0,7.0,2370.3619999999983,24,1.0,0.0,1.0,0.0,0.0,0.0,1.0
15.0,15.0,30.0,3.0,20.0,25.0,9.0,10.0,2622.8479999999986,24,1.0,0.0,1.0,0.0,0.0,0.0,1.0
15.0,15.0,30.0,3.0,20.0,25.0,9.0,12.0,2875.333999999996,24,1.0,0.0,1.0,0.0,0.0,0.0,1.0
15.0,15.0,30.0,3.0,20.0,25.0,7.0,6.0,1688.3219999999992,24,1.0,0.0,1.0,0.0,0.0,0.0,1.0
15.0,15.0,30.0,3.0,20.0,25.0,7.0,8.0,1884.6999999999996,24,1.0,0.0,1.0,0.0,0.0,0.0,1.0
15.0,15.0,30.0,3.0,20.0,25.0,7.0,7.0,1884.699999999999,24,1.0,0.0,1.0,0.0,0.0,0.0,1.0
15.0,15.0,30.0,3.0,20.0,25.0,7.0,10.0,2081.0779999999995,24,1.0,0.0,1.0,0.0,0.0,0.0,1.0
15.0,15.0,30.0,3.0,20.0,25.0,7.0,12.0,2277.456,24,1.0,0.0,1.0,0.0,0.0,0.0,1.0
6.5,1.0,26.6,24.2,7.027330447330451,50.0,8.0,10.0,1947.9760000000008,24,0.0,1.0,0.0,1.0,1.0,0.0,0.0
6.5,1.0,26.6,24.2,7.432150072150075,50.0,8.0,11.0,2060.192000000001,24,0.0,1.0,0.0,1.0,1.0,0.0,0.0
6.5,1.0,26.6,24.2,7.836969696969701,50.0,8.0,12.0,2172.4080000000013,24,0.0,1.0,0.0,1.0,1.0,0.0,0.0
6.5,1.0,26.6,24.2,8.241789321789323,50.0,8.0,13.0,2284.6240000000003,24,0.0,1.0,0.0,1.0,1.0,0.0,0.0
6.5,1.0,26.6,24.2,8.646608946608948,50.0,8.0,14.0,2396.8400000000006,24,0.0,1.0,0.0,1.0,1.0,0.0,0.0
6.5,1.0,26.6,24.2,9.456248196248197,50.0,8.0,16.0,2621.272,24,0.0,1.0,0.0,1.0,1.0,0.0,0.0
6.5,1.0,26.6,24.2,6.091738816738815,50.0,7.0,10.0,1688.6299999999994,24,0.0,1.0,0.0,1.0,1.0,0.0,0.0
6.5,1.0,26.6,24.2,6.445955988455988,50.0,7.0,11.0,1786.819,24,0.0,1.0,0.0,1.0,1.0,0.0,0.0
6.5,1.0,26.6,24.2,6.800173160173161,50.0,7.0,12.0,1885.0080000000005,24,0.0,1.0,0.0,1.0,1.0,0.0,0.0
6.5,1.0,26.6,24.2,7.154390331890333,50.0,7.0,13.0,1983.1970000000003,24,0.0,1.0,0.0,1.0,1.0,0.0,0.0
6.5,1.0,26.6,24.2,8.870360750360746,50.0,10.0,11.0,2458.8639999999987,24,0.0,1.0,0.0,1.0,1.0,0.0,0.0
6.5,1.0,26.6,24.2,4.974761904761908,50.0,5.0,10.0,1379.0040000000008,24,0.0,1.0,0.0,1.0,1.0,0.0,0.0
6.5,1.0,26.6,24.2,5.2277741702741745,50.0,5.0,11.0,1449.139000000001,24,0.0,1.0,0.0,1.0,1.0,0.0,0.0
6.5,1.0,26.6,24.2,5.48078643578644,50.0,5.0,12.0,1519.274000000001,24,0.0,1.0,0.0,1.0,1.0,0.0,0.0
6.5,1.0,26.6,24.2,5.7337987012987055,50.0,5.0,13.0,1589.4090000000012,24,0.0,1.0,0.0,1.0,1.0,0.0,0.0
6.5,1.0,26.6,24.2,5.986810966810971,50.0,5.0,14.0,1659.5440000000012,24,0.0,1.0,0.0,1.0,1.0,0.0,0.0
6.5,1.0,26.6,24.2,6.492835497835501,50.0,5.0,16.0,1799.8140000000008,24,0.0,1.0,0.0,1.0,1.0,0.0,0.0
6.5,1.0,26.6,24.2,8.393755411255407,50.0,10.0,11.0,2326.748999999999,24,0.0,1.0,0.0,1.0,1.0,0.0,0.0
6.5,1.0,26.6,24.2,8.899779942279942,50.0,10.0,12.0,2467.019,24,0.0,1.0,0.0,1.0,1.0,0.0,0.0
6.5,1.0,26.6,24.2,9.405804473304473,50.0,10.0,13.0,2607.2889999999993,24,0.0,1.0,0.0,1.0,1.0,0.0,0.0
6.5,1.0,26.6,24.2,9.23961038961039,50.0,9.0,14.0,2561.22,24,0.0,1.0,0.0,1.0,1.0,0.0,0.0
6.5,1.0,26.6,24.2,6.554274891774891,50.0,8.0,10.0,1816.845,24,0.0,1.0,0.0,1.0,1.0,0.0,0.0
6.5,1.0,26.6,24.2,7.363914141414143,50.0,8.0,12.0,2041.2770000000005,24,0.0,1.0,0.0,1.0,1.0,0.0,0.0
6.5,1.0,26.6,24.2,7.042521645021649,50.0,8.0,11.0,1952.1870000000013,24,0.0,1.0,0.0,1.0,1.0,0.0,0.0
6.5,1.0,26.6,24.2,7.447341269841275,50.0,8.0,12.0,2064.4030000000016,24,0.0,1.0,0.0,1.0,1.0,0.0,0.0
6.5,1.0,26.6,24.2,7.852160894660901,50.0,8.0,13.0,2176.619000000002,24,0.0,1.0,0.0,1.0,1.0,0.0,0.0
6.5,1.0,26.6,24.2,8.256980519480525,50.0,8.0,14.0,2288.8350000000014,24,0.0,1.0,0.0,1.0,1.0,0.0,0.0
6.5,1.0,26.6,24.2,3.244880952380951,50.0,4.0,11.0,899.4809999999997,24,0.0,1.0,0.0,1.0,1.0,0.0,0.0
6.5,1.0,26.6,24.2,3.4472907647907625,50.0,4.0,12.0,955.5889999999994,24,0.0,1.0,0.0,1.0,1.0,0.0,0.0
56.49717514,0.0,43.50282486,0.0,26.65774436,,,,,24,0.0,0.0,0.0,1.0,1.0,0.0,0.0
56.49717514,0.0,43.50282486,0.0,29.82172932,,,,,24,0.0,0.0,0.0,1.0,1.0,0.0,0.0
56.49717514,0.0,43.50282486,0.0,15.81443609,,,,,24,0.0,0.0,0.0,1.0,1.0,0.0,0.0
56.49717514,0.0,43.50282486,0.0,19.20270677,,,,,24,0.0,0.0,0.0,1.0,1.0,0.0,0.0
56.49717514,0.0,43.50282486,0.0,19.90581454,,,,,24,0.0,0.0,0.0,1.0,1.0,0.0,0.0
56.49717514,0.0,43.50282486,0.0,21.28626566,,,,,24,0.0,0.0,0.0,1.0,1.0,0.0,0.0
56.49717514,0.0,43.50282486,0.0,28.76706767,,,,,24,0.0,0.0,0.0,1.0,1.0,0.0,0.0
56.49717514,0.0,43.50282486,0.0,31.93105263,,,,,24,0.0,0.0,0.0,1.0,1.0,0.0,0.0
56.49717514,0.0,43.50282486,0.0,17.9237594,,,,,24,0.0,0.0,0.0,1.0,1.0,0.0,0.0
56.49717514,0.0,43.50282486,0.0,21.31203008,,,,,24,0.0,0.0,0.0,1.0,1.0,0.0,0.0
56.49717514,0.0,43.50282486,0.0,22.01513784,,,,,24,0.0,0.0,0.0,1.0,1.0,0.0,0.0
56.49717514,0.0,43.50282486,0.0,23.39558897,,,,,24,0.0,0.0,0.0,1.0,1.0,0.0,0.0
56.49717514,0.0,43.50282486,0.0,30.87639098,,,,,24,0.0,0.0,0.0,1.0,1.0,0.0,0.0
56.49717514,0.0,43.50282486,0.0,34.04037594,,,,,24,0.0,0.0,0.0,1.0,1.0,0.0,0.0
56.49717514,0.0,43.50282486,0.0,20.03308271,,,,,24,0.0,0.0,0.0,1.0,1.0,0.0,0.0
56.49717514,0.0,43.50282486,0.0,23.42135338,,,,,24,0.0,0.0,0.0,1.0,1.0,0.0,0.0
56.49717514,0.0,43.50282486,0.0,24.12446115,,,,,24,0.0,0.0,0.0,1.0,1.0,0.0,0.0
56.49717514,0.0,43.50282486,0.0,25.50491228,,,,,24,0.0,0.0,0.0,1.0,1.0,0.0,0.0
56.49717514,0.0,43.50282486,0.0,32.98571429,,,,,24,0.0,0.0,0.0,1.0,1.0,0.0,0.0
56.49717514,0.0,43.50282486,0.0,22.14240602,,,,,24,0.0,0.0,0.0,1.0,1.0,0.0,0.0
56.49717514,0.0,43.50282486,0.0,25.53067669,,,,,24,0.0,0.0,0.0,1.0,1.0,0.0,0.0
56.49717514,0.0,43.50282486,0.0,26.23378446,,,,,24,0.0,0.0,0.0,1.0,1.0,0.0,0.0
56.49717514,0.0,43.50282486,0.0,27.61423559,,,,,24,0.0,0.0,0.0,1.0,1.0,0.0,0.0
56.49717514,0.0,43.50282486,0.0,35.09503759,,,,,24,0.0,0.0,0.0,1.0,1.0,0.0,0.0
56.49717514,0.0,43.50282486,0.0,38.25902256,,,,,24,0.0,0.0,0.0,1.0,1.0,0.0,0.0
56.49717514,0.0,43.50282486,0.0,24.25172932,,,,,24,0.0,0.0,0.0,1.0,1.0,0.0,0.0
56.49717514,0.0,43.50282486,0.0,27.64,,,,,24,0.0,0.0,0.0,1.0,1.0,0.0,0.0
56.49717514,0.0,43.50282486,0.0,28.34310777,,,,,24,0.0,0.0,0.0,1.0,1.0,0.0,0.0
56.49717514,0.0,43.50282486,0.0,29.7235589,,,,,24,0.0,0.0,0.0,1.0,1.0,0.0,0.0
56.49717514,0.0,43.50282486,0.0,37.2043609,,,,,24,0.0,0.0,0.0,1.0,1.0,0.0,0.0
56.49717514,0.0,43.50282486,0.0,26.36105263,,,,,24,0.0,0.0,0.0,1.0,1.0,0.0,0.0
56.49717514,0.0,43.50282486,0.0,29.74932331,,,,,24,0.0,0.0,0.0,1.0,1.0,0.0,0.0
56.49717514,0.0,43.50282486,0.0,30.45243108,,,,,24,0.0,0.0,0.0,1.0,1.0,0.0,0.0
56.49717514,0.0,43.50282486,0.0,31.83288221,,,,,24,0.0,0.0,0.0,1.0,1.0,0.0,0.0
56.49717514,0.0,43.50282486,0.0,30.87308271,,,,,24,0.0,0.0,0.0,1.0,1.0,0.0,0.0
56.49717514,0.0,43.50282486,0.0,34.03706767,,,,,24,0.0,0.0,0.0,1.0,1.0,0.0,0.0
56.49717514,0.0,43.50282486,0.0,20.02977444,,,,,24,0.0,0.0,0.0,1.0,1.0,0.0,0.0
56.49717514,0.0,43.50282486,0.0,23.41804511,,,,,24,0.0,0.0,0.0,1.0,1.0,0.0,0.0
56.49717514,0.0,43.50282486,0.0,24.12115288,,,,,24,0.0,0.0,0.0,1.0,1.0,0.0,0.0
56.49717514,0.0,43.50282486,0.0,25.50160401,,,,,24,0.0,0.0,0.0,1.0,1.0,0.0,0.0
56.49717514,0.0,43.50282486,0.0,32.98240602,,,,,24,0.0,0.0,0.0,1.0,1.0,0.0,0.0
56.49717514,0.0,43.50282486,0.0,36.14639098,,,,,24,0.0,0.0,0.0,1.0,1.0,0.0,0.0
56.49717514,0.0,43.50282486,0.0,22.13909774,,,,,24,0.0,0.0,0.0,1.0,1.0,0.0,0.0
56.49717514,0.0,43.50282486,0.0,25.52736842,,,,,24,0.0,0.0,0.0,1.0,1.0,0.0,0.0
56.49717514,0.0,43.50282486,0.0,26.23047619,,,,,24,0.0,0.0,0.0,1.0,1.0,0.0,0.0
56.49717514,0.0,43.50282486,0.0,27.61092732,,,,,24,0.0,0.0,0.0,1.0,1.0,0.0,0.0
56.49717514,0.0,43.50282486,0.0,35.09172932,,,,,24,0.0,0.0,0.0,1.0,1.0,0.0,0.0
56.49717514,0.0,43.50282486,0.0,38.25571429,,,,,24,0.0,0.0,0.0,1.0,1.0,0.0,0.0
56.49717514,0.0,43.50282486,0.0,24.24842105,,,,,24,0.0,0.0,0.0,1.0,1.0,0.0,0.0
56.49717514,0.0,43.50282486,0.0,27.63669173,,,,,24,0.0,0.0,0.0,1.0,1.0,0.0,0.0
56.49717514,0.0,43.50282486,0.0,28.3397995,,,,,24,0.0,0.0,0.0,1.0,1.0,0.0,0.0
56.49717514,0.0,43.50282486,0.0,29.72025063,,,,,24,0.0,0.0,0.0,1.0,1.0,0.0,0.0
56.49717514,0.0,43.50282486,0.0,37.20105263,,,,,24,0.0,0.0,0.0,1.0,1.0,0.0,0.0
56.49717514,0.0,43.50282486,0.0,40.36503759,,,,,24,0.0,0.0,0.0,1.0,1.0,0.0,0.0
56.49717514,0.0,43.50282486,0.0,26.35774436,,,,,24,0.0,0.0,0.0,1.0,1.0,0.0,0.0
56.49717514,0.0,43.50282486,0.0,29.74601504,,,,,24,0.0,0.0,0.0,1.0,1.0,0.0,0.0
56.49717514,0.0,43.50282486,0.0,30.44912281,,,,,24,0.0,0.0,0.0,1.0,1.0,0.0,0.0
56.49717514,0.0,43.50282486,0.0,31.82957393,,,,,24,0.0,0.0,0.0,1.0,1.0,0.0,0.0
56.49717514,0.0,43.50282486,0.0,39.31037594,,,,,24,0.0,0.0,0.0,1.0,1.0,0.0,0.0
56.49717514,0.0,43.50282486,0.0,42.4743609,,,,,24,0.0,0.0,0.0,1.0,1.0,0.0,0.0
56.49717514,0.0,43.50282486,0.0,28.46706767,,,,,24,0.0,0.0,0.0,1.0,1.0,0.0,0.0
56.49717514,0.0,43.50282486,0.0,31.85533835,,,,,24,0.0,0.0,0.0,1.0,1.0,0.0,0.0
56.49717514,0.0,43.50282486,0.0,32.55844612,,,,,24,0.0,0.0,0.0,1.0,1.0,0.0,0.0
56.49717514,0.0,43.50282486,0.0,33.93889724,,,,,24,0.0,0.0,0.0,1.0,1.0,0.0,0.0
56.49717514,0.0,43.50282486,0.0,41.41969925,,,,,24,0.0,0.0,0.0,1.0,1.0,0.0,0.0
56.49717514,0.0,43.50282486,0.0,44.58368421,,,,,24,0.0,0.0,0.0,1.0,1.0,0.0,0.0
56.49717514,0.0,43.50282486,0.0,30.57639098,,,,,24,0.0,0.0,0.0,1.0,1.0,0.0,0.0
56.49717514,0.0,43.50282486,0.0,33.96466165,,,,,24,0.0,0.0,0.0,1.0,1.0,0.0,0.0
56.49717514,0.0,43.50282486,0.0,34.66776942,,,,,24,0.0,0.0,0.0,1.0,1.0,0.0,0.0
56.49717514,0.0,43.50282486,0.0,36.04822055,,,,,24,0.0,0.0,0.0,1.0,1.0,0.0,0.0
40.0,10.164751344086024,19.559226690805648,1.1343862500000004,10.0,15.0,2.0,6.0,302.5030000000001,24,1.0,0.0,1.0,0.0,0.0,1.0,0.0
40.0,12.050100806451615,23.187055476529174,1.3447912500000003,10.0,15.0,2.0,8.0,358.61100000000016,24,1.0,0.0,1.0,0.0,0.0,1.0,0.0
40.0,13.935450268817217,26.81488426225271,1.5551962500000014,10.0,15.0,2.0,10.0,414.71900000000034,24,1.0,0.0,1.0,0.0,0.0,1.0,0.0
40.0,15.820799731182811,30.44271304797624,1.7656012500000016,10.0,15.0,2.0,12.0,470.82700000000045,24,1.0,0.0,1.0,0.0,0.0,1.0,0.0
40.0,17.706149193548406,34.070541833699764,1.976006250000002,10.0,15.0,2.0,14.0,526.9350000000005,24,1.0,0.0,1.0,0.0,0.0,1.0,0.0
40.0,16.760517473118295,32.25093754041126,1.8704737500000015,10.0,15.0,2.0,6.0,498.7930000000004,24,1.0,0.0,1.0,0.0,0.0,1.0,0.0
40.0,18.645866935483888,35.87876632613478,2.0808787500000014,10.0,15.0,2.0,8.0,554.9010000000004,24,1.0,0.0,1.0,0.0,0.0,1.0,0.0
40.0,20.531216397849462,39.506595111858275,2.2912837500000003,10.0,15.0,2.0,10.0,611.009,24,1.0,0.0,1.0,0.0,0.0,1.0,0.0
37.0933434465019,20.78763440860215,40.0,2.3198999999999996,10.0,15.0,2.0,12.0,667.1169999999997,24,1.0,0.0,1.0,0.0,0.0,1.0,0.0
34.215631373362385,20.787634408602152,40.0,2.3198999999999996,10.0,15.0,2.0,14.0,723.2249999999997,24,1.0,0.0,1.0,0.0,0.0,1.0,0.0
40.0,18.64586693548388,35.878766326134766,2.080878750000001,10.0,15.0,2.0,8.0,554.9010000000003,24,1.0,0.0,1.0,0.0,0.0,1.0,0.0
40.0,20.531216397849462,39.506595111858275,2.2912837500000003,10.0,15.0,2.0,8.0,611.009,24,1.0,0.0,1.0,0.0,0.0,1.0,0.0
37.09334344650188,20.78763440860215,40.0,2.3198999999999996,10.0,15.0,2.0,10.0,667.117,24,1.0,0.0,1.0,0.0,0.0,1.0,0.0
34.21563137336238,20.787634408602152,40.0,2.3198999999999996,10.0,15.0,2.0,12.0,723.2249999999998,24,1.0,0.0,1.0,0.0,0.0,1.0,0.0
31.75228047574017,20.787634408602152,40.0,2.3199,10.0,15.0,2.0,14.0,779.3329999999995,24,1.0,0.0,1.0,0.0,0.0,1.0,0.0
40.0,20.53121639784947,39.50659511185828,2.2912837500000007,10.0,15.0,2.0,10.0,611.0090000000001,24,1.0,0.0,1.0,0.0,0.0,1.0,0.0
37.09334344650188,20.78763440860215,40.0,2.3198999999999996,10.0,15.0,2.0,10.0,667.1170000000001,24,1.0,0.0,1.0,0.0,0.0,1.0,0.0
34.21563137336238,20.787634408602152,40.0,2.3198999999999996,10.0,15.0,2.0,10.0,723.2249999999998,24,1.0,0.0,1.0,0.0,0.0,1.0,0.0
31.75228047574017,20.787634408602152,40.0,2.3199,10.0,15.0,2.0,12.0,779.3329999999995,24,1.0,0.0,1.0,0.0,0.0,1.0,0.0
29.619805587707592,20.78763440860215,40.0,2.3198999999999996,10.0,15.0,2.0,14.0,835.4409999999992,24,1.0,0.0,1.0,0.0,0.0,1.0,0.0
37.09334344650188,20.78763440860215,40.0,2.3198999999999996,10.0,15.0,2.0,12.0,667.1170000000001,24,1.0,0.0,1.0,0.0,0.0,1.0,0.0
34.21563137336238,20.787634408602152,40.0,2.3198999999999996,10.0,15.0,2.0,12.0,723.2249999999998,24,1.0,0.0,1.0,0.0,0.0,1.0,0.0
31.75228047574017,20.787634408602152,40.0,2.3199,10.0,15.0,2.0,12.0,779.3329999999995,24,1.0,0.0,1.0,0.0,0.0,1.0,0.0
29.619805587707592,20.78763440860215,40.0,2.3198999999999996,10.0,15.0,2.0,12.0,835.4409999999992,24,1.0,0.0,1.0,0.0,0.0,1.0,0.0
27.75573748610567,20.787634408602152,40.0,2.3199,10.0,15.0,2.0,14.0,891.5489999999991,24,1.0,0.0,1.0,0.0,0.0,1.0,0.0
34.21563137336238,20.787634408602152,40.0,2.3198999999999996,10.0,15.0,2.0,14.0,723.2249999999998,24,1.0,0.0,1.0,0.0,0.0,1.0,0.0
31.75228047574017,20.787634408602152,40.0,2.3199,10.0,15.0,2.0,14.0,779.3329999999995,24,1.0,0.0,1.0,0.0,0.0,1.0,0.0
29.619805587707592,20.78763440860215,40.0,2.3198999999999996,10.0,15.0,2.0,14.0,835.4409999999992,24,1.0,0.0,1.0,0.0,0.0,1.0,0.0
27.75573748610567,20.787634408602152,40.0,2.3199,10.0,15.0,2.0,14.0,891.5489999999991,24,1.0,0.0,1.0,0.0,0.0,1.0,0.0
26.11240142794284,20.78763440860215,40.0,2.3198999999999996,10.0,15.0,2.0,14.0,947.6569999999988,24,1.0,0.0,1.0,0.0,0.0,1.0,0.0
50.0,10.0,38.5,1.5,10.0,15.0,2.0,19.0,642.1100000000001,24,0.0,1.0,1.0,0.0,0.0,1.0,0.0
40.0,10.164751344086024,19.559226690805648,1.1343862500000004,10.0,50.0,2.0,6.0,302.5030000000001,24,1.0,0.0,1.0,0.0,0.0,1.0,0.0
40.0,12.050100806451615,23.187055476529174,1.3447912500000003,10.0,50.0,2.0,8.0,358.61100000000016,24,1.0,0.0,1.0,0.0,0.0,1.0,0.0
40.0,13.935450268817217,26.81488426225271,1.5551962500000014,10.0,50.0,2.0,10.0,414.71900000000034,24,1.0,0.0,1.0,0.0,0.0,1.0,0.0
40.0,15.820799731182811,30.44271304797624,1.7656012500000016,10.0,50.0,2.0,12.0,470.82700000000045,24,1.0,0.0,1.0,0.0,0.0,1.0,0.0
40.0,17.706149193548406,34.070541833699764,1.976006250000002,10.0,50.0,2.0,14.0,526.9350000000005,24,1.0,0.0,1.0,0.0,0.0,1.0,0.0
40.0,16.760517473118295,32.25093754041126,1.8704737500000015,10.0,50.0,2.0,6.0,498.7930000000004,24,1.0,0.0,1.0,0.0,0.0,1.0,0.0
40.0,18.645866935483888,35.87876632613478,2.0808787500000014,10.0,50.0,2.0,8.0,554.9010000000004,24,1.0,0.0,1.0,0.0,0.0,1.0,0.0
40.0,20.531216397849462,39.506595111858275,2.2912837500000003,10.0,50.0,2.0,10.0,611.009,24,1.0,0.0,1.0,0.0,0.0,1.0,0.0
37.0933434465019,20.78763440860215,40.0,2.3198999999999996,10.0,50.0,2.0,12.0,667.1169999999997,24,1.0,0.0,1.0,0.0,0.0,1.0,0.0
34.215631373362385,20.787634408602152,40.0,2.3198999999999996,10.0,50.0,2.0,14.0,723.2249999999997,24,1.0,0.0,1.0,0.0,0.0,1.0,0.0
40.0,18.64586693548388,35.878766326134766,2.080878750000001,10.0,50.0,2.0,8.0,554.9010000000003,24,1.0,0.0,1.0,0.0,0.0,1.0,0.0
40.0,20.531216397849462,39.506595111858275,2.2912837500000003,10.0,50.0,2.0,8.0,611.009,24,1.0,0.0,1.0,0.0,0.0,1.0,0.0
37.09334344650188,20.78763440860215,40.0,2.3198999999999996,10.0,50.0,2.0,10.0,667.117,24,1.0,0.0,1.0,0.0,0.0,1.0,0.0
34.21563137336238,20.787634408602152,40.0,2.3198999999999996,10.0,50.0,2.0,12.0,723.2249999999998,24,1.0,0.0,1.0,0.0,0.0,1.0,0.0
31.75228047574017,20.787634408602152,40.0,2.3199,10.0,50.0,2.0,14.0,779.3329999999995,24,1.0,0.0,1.0,0.0,0.0,1.0,0.0
40.0,20.53121639784947,39.50659511185828,2.2912837500000007,10.0,50.0,2.0,10.0,611.0090000000001,24,1.0,0.0,1.0,0.0,0.0,1.0,0.0
37.09334344650188,20.78763440860215,40.0,2.3198999999999996,10.0,50.0,2.0,10.0,667.1170000000001,24,1.0,0.0,1.0,0.0,0.0,1.0,0.0
34.21563137336238,20.787634408602152,40.0,2.3198999999999996,10.0,50.0,2.0,10.0,723.2249999999998,24,1.0,0.0,1.0,0.0,0.0,1.0,0.0
31.75228047574017,20.787634408602152,40.0,2.3199,10.0,50.0,2.0,12.0,779.3329999999995,24,1.0,0.0,1.0,0.0,0.0,1.0,0.0
29.619805587707592,20.78763440860215,40.0,2.3198999999999996,10.0,50.0,2.0,14.0,835.4409999999992,24,1.0,0.0,1.0,0.0,0.0,1.0,0.0
37.09334344650188,20.78763440860215,40.0,2.3198999999999996,10.0,50.0,2.0,12.0,667.1170000000001,24,1.0,0.0,1.0,0.0,0.0,1.0,0.0
34.21563137336238,20.787634408602152,40.0,2.3198999999999996,10.0,50.0,2.0,12.0,723.2249999999998,24,1.0,0.0,1.0,0.0,0.0,1.0,0.0
31.75228047574017,20.787634408602152,40.0,2.3199,10.0,50.0,2.0,12.0,779.3329999999995,24,1.0,0.0,1.0,0.0,0.0,1.0,0.0
29.619805587707592,20.78763440860215,40.0,2.3198999999999996,10.0,50.0,2.0,12.0,835.4409999999992,24,1.0,0.0,1.0,0.0,0.0,1.0,0.0
27.75573748610567,20.787634408602152,40.0,2.3199,10.0,50.0,2.0,14.0,891.5489999999991,24,1.0,0.0,1.0,0.0,0.0,1.0,0.0
34.21563137336238,20.787634408602152,40.0,2.3198999999999996,10.0,50.0,2.0,14.0,723.2249999999998,24,1.0,0.0,1.0,0.0,0.0,1.0,0.0
31.75228047574017,20.787634408602152,40.0,2.3199,10.0,50.0,2.0,14.0,779.3329999999995,24,1.0,0.0,1.0,0.0,0.0,1.0,0.0
29.619805587707592,20.78763440860215,40.0,2.3198999999999996,10.0,50.0,2.0,14.0,835.4409999999992,24,1.0,0.0,1.0,0.0,0.0,1.0,0.0
27.75573748610567,20.787634408602152,40.0,2.3199,10.0,50.0,2.0,14.0,891.5489999999991,24,1.0,0.0,1.0,0.0,0.0,1.0,0.0
26.11240142794284,20.78763440860215,40.0,2.3198999999999996,10.0,50.0,2.0,14.0,947.6569999999988,24,1.0,0.0,1.0,0.0,0.0,1.0,0.0
50.0,10.0,38.5,1.5,10.0,50.0,2.0,19.0,642.1100000000001,24,0.0,1.0,1.0,0.0,0.0,1.0,0.0
