smiles,quantified_toxicity
CCCCCCC(=O)Oc1cc(CNCCN(C)CCN)cc(OC(=O)CCCCCC)c1,1.0
CCCCC(C)C(=O)Oc1cc(CNCCN(C)CCN)cc(OC(=O)C(C)CCCC)c1,1.0
CCCCCCCC(=O)Oc1cc(CNCCN(C)CCN)cc(OC(=O)CCCCCCC)c1,1.0
CCCCCC(C)C(=O)Oc1cc(CNCCN(C)CCN)cc(OC(=O)C(C)CCCCC)c1,0.9850333
CCCCC(CC)C(=O)Oc1cc(CNCCN(C)CCN)cc(OC(=O)C(CC)CCCC)c1,1.0
CCCCCCCCC(=O)Oc1cc(CNCCN(C)CCN)cc(OC(=O)CCCCCCCC)c1,1.0
CCCCC(C)CCC(=O)Oc1cc(CNCCN(C)CCN)cc(OC(=O)CCC(C)CCC)c1,0.9958333
CCCCCCCCCC(=O)Oc1cc(CNCCN(C)CCN)cc(OC(=O)CCCCCCCCC)c1,1.0
CCCCCC(C)CCC(=O)Oc1cc(CNCCN(C)CCN)cc(OC(=O)CCC(C)CCCCC)c1,1.0
CCCCC(CC)CCC(=O)Oc1cc(CNCCN(C)CCN)cc(OC(=O)CCC(CC)CCCC)c1,1.0
CCCCC(C)C(=O)Oc1cc(OC(=O)C(C)CCCC)c(CNCCN(C)CCN)c(OC(=O)C(C)CCCC)c1,1.0
CCCCCC(C)C(=O)Oc1cc(OC(=O)C(C)CCCCC)c(CNCCN(C)CCN)c(OC(=O)C(C)CCCCC)c1,1.0
CCCCC(CC)C(=O)Oc1cc(OC(=O)C(CC)CCCC)c(CNCCN(C)CCN)c(OC(=O)C(CC)CCCC)c1,1.0
CCCCC(C)CCC(=O)Oc1cc(OC(=O)CCC(C)CCCC)c(CNCCN(C)CCN)c(OC(=O)CCC(C)CCCC)c1,1.0
CCCCC(CC)CCC(=O)Oc1cc(OC(=O)CCC(CC)CCCC)c(CNCCN(C)CCN)c(OC(=O)CCC(CC)CCCC)c1,1.0
CCCCCCC(=O)Oc1cc(CNCCCN(C)CCCN)cc(OC(=O)CCCCCC)c1,1.0
CCCCC(C)C(=O)Oc1cc(CNCCCN(C)CCCN)cc(OC(=O)C(C)CCCC)c1,1.0
CCCCCCCC(=O)Oc1cc(CNCCCN(C)CCCN)cc(OC(=O)CCCCCCC)c1,0.9942667
CCCCCC(C)C(=O)Oc1cc(CNCCCN(C)CCCN)cc(OC(=O)C(C)CCCCC)c1,0.9853
CCCCC(CC)C(=O)Oc1cc(CNCCCN(C)CCCN)cc(OC(=O)C(CC)CCCC)c1,1.0
CCCCCCCCC(=O)Oc1cc(CNCCCN(C)CCCN)cc(OC(=O)CCCCCCCC)c1,0.9537
CCCCC(C)CCC(=O)Oc1cc(CNCCCN(C)CCCN)cc(OC(=O)CCC(C)CCC)c1,0.9694
CCCCCCCCCC(=O)Oc1cc(CNCCCN(C)CCCN)cc(OC(=O)CCCCCCCCC)c1,1.0
CCCCCC(C)CCC(=O)Oc1cc(CNCCCN(C)CCCN)cc(OC(=O)CCC(C)CCCCC)c1,1.0
CCCCC(CC)CCC(=O)Oc1cc(CNCCCN(C)CCCN)cc(OC(=O)CCC(CC)CCCC)c1,0.9949333
CCCCC(C)C(=O)Oc1cc(OC(=O)C(C)CCCC)c(CNCCCN(C)CCCN)c(OC(=O)C(C)CCCC)c1,0.9783667
CCCCCC(C)C(=O)Oc1cc(OC(=O)C(C)CCCCC)c(CNCCCN(C)CCCN)c(OC(=O)C(C)CCCCC)c1,0.9727667
CCCCC(CC)C(=O)Oc1cc(OC(=O)C(CC)CCCC)c(CNCCCN(C)CCCN)c(OC(=O)C(CC)CCCC)c1,0.9547333
CCCCC(C)CCC(=O)Oc1cc(OC(=O)CCC(C)CCCC)c(CNCCCN(C)CCCN)c(OC(=O)CCC(C)CCCC)c1,0.9824667
CCCCC(CC)CCC(=O)Oc1cc(OC(=O)CCC(CC)CCCC)c(CNCCCN(C)CCCN)c(OC(=O)CCC(CC)CCCC)c1,0.9813
CCCCCCC(=O)Oc1cc(CNCCN(C)C)cc(OC(=O)CCCCCC)c1,1.0
CCCCC(C)C(=O)Oc1cc(CNCCN(C)C)cc(OC(=O)C(C)CCCC)c1,1.0
CCCCCCCC(=O)Oc1cc(CNCCN(C)C)cc(OC(=O)CCCCCCC)c1,1.0
CCCCCC(C)C(=O)Oc1cc(CNCCN(C)C)cc(OC(=O)C(C)CCCCC)c1,1.0
CCCCC(CC)C(=O)Oc1cc(CNCCN(C)C)cc(OC(=O)C(CC)CCCC)c1,0.9720667
CCCCCCCCC(=O)Oc1cc(CNCCN(C)C)cc(OC(=O)CCCCCCCC)c1,0.9657
CCCCC(C)CCC(=O)Oc1cc(CNCCN(C)C)cc(OC(=O)CCC(C)CCC)c1,0.9256667
CCCCCCCCCC(=O)Oc1cc(CNCCN(C)C)cc(OC(=O)CCCCCCCCC)c1,1.0
CCCCCC(C)CCC(=O)Oc1cc(CNCCN(C)C)cc(OC(=O)CCC(C)CCCCC)c1,0.9312
CCCCC(CC)CCC(=O)Oc1cc(CNCCN(C)C)cc(OC(=O)CCC(CC)CCCC)c1,0.9630333
CCCCC(C)C(=O)Oc1cc(OC(=O)C(C)CCCC)c(CNCCN(C)C)c(OC(=O)C(C)CCCC)c1,1.0
CCCCCC(C)C(=O)Oc1cc(OC(=O)C(C)CCCCC)c(CNCCN(C)C)c(OC(=O)C(C)CCCCC)c1,1.0
CCCCC(CC)C(=O)Oc1cc(OC(=O)C(CC)CCCC)c(CNCCN(C)C)c(OC(=O)C(CC)CCCC)c1,0.9868333
CCCCC(C)CCC(=O)Oc1cc(OC(=O)CCC(C)CCCC)c(CNCCN(C)C)c(OC(=O)CCC(C)CCCC)c1,0.9512667
CCCCC(CC)CCC(=O)Oc1cc(OC(=O)CCC(CC)CCCC)c(CNCCN(C)C)c(OC(=O)CCC(CC)CCCC)c1,0.9858667
CCCCCCC(=O)Oc1cc(CNCCCN(C)C)cc(OC(=O)CCCCCC)c1,1.0
CCCCC(C)C(=O)Oc1cc(CNCCCN(C)C)cc(OC(=O)C(C)CCCC)c1,0.9604
CCCCCCCC(=O)Oc1cc(CNCCCN(C)C)cc(OC(=O)CCCCCCC)c1,0.9803667
CCCCCC(C)C(=O)Oc1cc(CNCCCN(C)C)cc(OC(=O)C(C)CCCCC)c1,0.9749333
CCCCC(CC)C(=O)Oc1cc(CNCCCN(C)C)cc(OC(=O)C(CC)CCCC)c1,0.9595
CCCCCCCCC(=O)Oc1cc(CNCCCN(C)C)cc(OC(=O)CCCCCCCC)c1,0.9348333
CCCCC(C)CCC(=O)Oc1cc(CNCCCN(C)C)cc(OC(=O)CCC(C)CCC)c1,0.9143
CCCCCCCCCC(=O)Oc1cc(CNCCCN(C)C)cc(OC(=O)CCCCCCCCC)c1,0.992
CCCCCC(C)CCC(=O)Oc1cc(CNCCCN(C)C)cc(OC(=O)CCC(C)CCCCC)c1,1.0
CCCCC(CC)CCC(=O)Oc1cc(CNCCCN(C)C)cc(OC(=O)CCC(CC)CCCC)c1,1.0
CCCCC(C)C(=O)Oc1cc(OC(=O)C(C)CCCC)c(CNCCCN(C)C)c(OC(=O)C(C)CCCC)c1,1.0
CCCCCC(C)C(=O)Oc1cc(OC(=O)C(C)CCCCC)c(CNCCCN(C)C)c(OC(=O)C(C)CCCCC)c1,1.0
CCCCC(CC)C(=O)Oc1cc(OC(=O)C(CC)CCCC)c(CNCCCN(C)C)c(OC(=O)C(CC)CCCC)c1,1.0
CCCCC(C)CCC(=O)Oc1cc(OC(=O)CCC(C)CCCC)c(CNCCCN(C)C)c(OC(=O)CCC(C)CCCC)c1,1.0
CCCCC(CC)CCC(=O)Oc1cc(OC(=O)CCC(CC)CCCC)c(CNCCCN(C)C)c(OC(=O)CCC(CC)CCCC)c1,0.9933667
CCCCCCC(=O)Oc1cc(CNCCN(CC)CC)cc(OC(=O)CCCCCC)c1,1.0
CCCCC(C)C(=O)Oc1cc(CNCCN(CC)CC)cc(OC(=O)C(C)CCCC)c1,0.9634667
CCCCCCCC(=O)Oc1cc(CNCCN(CC)CC)cc(OC(=O)CCCCCCC)c1,0.9719333
CCCCCC(C)C(=O)Oc1cc(CNCCN(CC)CC)cc(OC(=O)C(C)CCCCC)c1,0.9358333
CCCCC(CC)C(=O)Oc1cc(CNCCN(CC)CC)cc(OC(=O)C(CC)CCCC)c1,1.0
CCCCCCCCC(=O)Oc1cc(CNCCN(CC)CC)cc(OC(=O)CCCCCCCC)c1,1.0
CCCCC(C)CCC(=O)Oc1cc(CNCCN(CC)CC)cc(OC(=O)CCC(C)CCC)c1,0.9353667
CCCCCCCCCC(=O)Oc1cc(CNCCN(CC)CC)cc(OC(=O)CCCCCCCCC)c1,0.9394667
CCCCCC(C)CCC(=O)Oc1cc(CNCCN(CC)CC)cc(OC(=O)CCC(C)CCCCC)c1,0.9762667
CCCCC(CC)CCC(=O)Oc1cc(CNCCN(CC)CC)cc(OC(=O)CCC(CC)CCCC)c1,0.9684333
CCCCC(C)C(=O)Oc1cc(OC(=O)C(C)CCCC)c(CNCCN(CC)CC)c(OC(=O)C(C)CCCC)c1,1.0
CCCCCC(C)C(=O)Oc1cc(OC(=O)C(C)CCCCC)c(CNCCN(CC)CC)c(OC(=O)C(C)CCCCC)c1,0.9846667
CCCCC(CC)C(=O)Oc1cc(OC(=O)C(CC)CCCC)c(CNCCN(CC)CC)c(OC(=O)C(CC)CCCC)c1,0.9862
CCCCC(C)CCC(=O)Oc1cc(OC(=O)CCC(C)CCCC)c(CNCCN(CC)CC)c(OC(=O)CCC(C)CCCC)c1,0.9805667
CCCCC(CC)CCC(=O)Oc1cc(OC(=O)CCC(CC)CCCC)c(CNCCN(CC)CC)c(OC(=O)CCC(CC)CCCC)c1,0.9827667
CCCCCCC(=O)Oc1cc(CNCCCN(CC)CC)cc(OC(=O)CCCCCC)c1,1.0
CCCCC(C)C(=O)Oc1cc(CNCCCN(CC)CC)cc(OC(=O)C(C)CCCC)c1,0.9742333
CCCCCCCC(=O)Oc1cc(CNCCCN(CC)CC)cc(OC(=O)CCCCCCC)c1,0.9823333
CCCCCC(C)C(=O)Oc1cc(CNCCCN(CC)CC)cc(OC(=O)C(C)CCCCC)c1,1.0
CCCCC(CC)C(=O)Oc1cc(CNCCCN(CC)CC)cc(OC(=O)C(CC)CCCC)c1,1.0
CCCCCCCCC(=O)Oc1cc(CNCCCN(CC)CC)cc(OC(=O)CCCCCCCC)c1,1.0
CCCCC(C)CCC(=O)Oc1cc(CNCCCN(CC)CC)cc(OC(=O)CCC(C)CCC)c1,1.0
CCCCCCCCCC(=O)Oc1cc(CNCCCN(CC)CC)cc(OC(=O)CCCCCCCCC)c1,1.0
CCCCCC(C)CCC(=O)Oc1cc(CNCCCN(CC)CC)cc(OC(=O)CCC(C)CCCCC)c1,0.9984667
CCCCC(CC)CCC(=O)Oc1cc(CNCCCN(CC)CC)cc(OC(=O)CCC(CC)CCCC)c1,0.9952
CCCCC(C)C(=O)Oc1cc(OC(=O)C(C)CCCC)c(CNCCCN(CC)CC)c(OC(=O)C(C)CCCC)c1,0.9867
CCCCCC(C)C(=O)Oc1cc(OC(=O)C(C)CCCCC)c(CNCCCN(CC)CC)c(OC(=O)C(C)CCCCC)c1,0.9755667
CCCCC(CC)C(=O)Oc1cc(OC(=O)C(CC)CCCC)c(CNCCCN(CC)CC)c(OC(=O)C(CC)CCCC)c1,1.0
CCCCC(C)CCC(=O)Oc1cc(OC(=O)CCC(C)CCCC)c(CNCCCN(CC)CC)c(OC(=O)CCC(C)CCCC)c1,1.0
CCCCC(CC)CCC(=O)Oc1cc(OC(=O)CCC(CC)CCCC)c(CNCCCN(CC)CC)c(OC(=O)CCC(CC)CCCC)c1,1.0
CCCCCCC(=O)Oc1cc(CNCCCN)cc(OC(=O)CCCCCC)c1,1.0
CCCCC(C)C(=O)Oc1cc(CNCCCN)cc(OC(=O)C(C)CCCC)c1,0.9383
CCCCCCCC(=O)Oc1cc(CNCCCN)cc(OC(=O)CCCCCCC)c1,0.9510667
CCCCCC(C)C(=O)Oc1cc(CNCCCN)cc(OC(=O)C(C)CCCCC)c1,0.9957333
CCCCC(CC)C(=O)Oc1cc(CNCCCN)cc(OC(=O)C(CC)CCCC)c1,0.9988
CCCCCCCCC(=O)Oc1cc(CNCCCN)cc(OC(=O)CCCCCCCC)c1,0.9644
CCCCC(C)CCC(=O)Oc1cc(CNCCCN)cc(OC(=O)CCC(C)CCC)c1,1.0
CCCCCCCCCC(=O)Oc1cc(CNCCCN)cc(OC(=O)CCCCCCCCC)c1,1.0
CCCCCC(C)CCC(=O)Oc1cc(CNCCCN)cc(OC(=O)CCC(C)CCCCC)c1,1.0
CCCCC(CC)CCC(=O)Oc1cc(CNCCCN)cc(OC(=O)CCC(CC)CCCC)c1,1.0
CCCCC(C)C(=O)Oc1cc(OC(=O)C(C)CCCC)c(CNCCCN)c(OC(=O)C(C)CCCC)c1,1.0
CCCCCC(C)C(=O)Oc1cc(OC(=O)C(C)CCCCC)c(CNCCCN)c(OC(=O)C(C)CCCCC)c1,0.9613333
CCCCC(CC)C(=O)Oc1cc(OC(=O)C(CC)CCCC)c(CNCCCN)c(OC(=O)C(CC)CCCC)c1,0.9918667
CCCCC(C)CCC(=O)Oc1cc(OC(=O)CCC(C)CCCC)c(CNCCCN)c(OC(=O)CCC(C)CCCC)c1,0.9840333
CCCCC(CC)CCC(=O)Oc1cc(OC(=O)CCC(CC)CCCC)c(CNCCCN)c(OC(=O)CCC(CC)CCCC)c1,0.9475
CCCCCCC(=O)Oc1cc(CNCCN(CCN)CCN)cc(OC(=O)CCCCCC)c1,1.0
CCCCC(C)C(=O)Oc1cc(CNCCN(CCN)CCN)cc(OC(=O)C(C)CCCC)c1,0.9569667
CCCCCCCC(=O)Oc1cc(CNCCN(CCN)CCN)cc(OC(=O)CCCCCCC)c1,0.9339333
CCCCCC(C)C(=O)Oc1cc(CNCCN(CCN)CCN)cc(OC(=O)C(C)CCCCC)c1,0.9885
CCCCC(CC)C(=O)Oc1cc(CNCCN(CCN)CCN)cc(OC(=O)C(CC)CCCC)c1,0.9908333
CCCCCCCCC(=O)Oc1cc(CNCCN(CCN)CCN)cc(OC(=O)CCCCCCCC)c1,0.9489667
CCCCC(C)CCC(=O)Oc1cc(CNCCN(CCN)CCN)cc(OC(=O)CCC(C)CCC)c1,0.9888333
CCCCCCCCCC(=O)Oc1cc(CNCCN(CCN)CCN)cc(OC(=O)CCCCCCCCC)c1,0.9739333
CCCCCC(C)CCC(=O)Oc1cc(CNCCN(CCN)CCN)cc(OC(=O)CCC(C)CCCCC)c1,0.9498333
CCCCC(CC)CCC(=O)Oc1cc(CNCCN(CCN)CCN)cc(OC(=O)CCC(CC)CCCC)c1,0.9803333
CCCCC(C)C(=O)Oc1cc(OC(=O)C(C)CCCC)c(CNCCN(CCN)CCN)c(OC(=O)C(C)CCCC)c1,1.0
CCCCCC(C)C(=O)Oc1cc(OC(=O)C(C)CCCCC)c(CNCCN(CCN)CCN)c(OC(=O)C(C)CCCCC)c1,0.9772
CCCCC(CC)C(=O)Oc1cc(OC(=O)C(CC)CCCC)c(CNCCN(CCN)CCN)c(OC(=O)C(CC)CCCC)c1,0.9582
CCCCC(C)CCC(=O)Oc1cc(OC(=O)CCC(C)CCCC)c(CNCCN(CCN)CCN)c(OC(=O)CCC(C)CCCC)c1,0.9178667
CCCCC(CC)CCC(=O)Oc1cc(OC(=O)CCC(CC)CCCC)c(CNCCN(CCN)CCN)c(OC(=O)CCC(CC)CCCC)c1,0.9048333
CCCCCCCCCOC(=O)CCSCCCC(=N)Nc1ccc(CCCCCCCC)cc1,1.0
CCCCCCCCCCc1ccc(NC(=N)CCCSCCC(=O)OCCCCCCCCC)cc1,0.905
CCCCCCCCCCCCc1ccc(NC(=N)CCCSCCC(=O)OCCCCCCCCC)cc1,0.885
CCCCCCCCCOC(=O)CCSCCCC(=N)Nc1ccc(OCCCCCCCCC)cc1,1.0
CCCCCCCCCCCCOC(=O)CCSCCCC(=N)Nc1ccc(CCCCCCCC)cc1,1.0
CCCCCCCCCCCCOC(=O)CCSCCCC(=N)Nc1ccc(CCCCCCCCCC)cc1,0.97
CCCCCCCCCCCCOC(=O)CCSCCCC(=N)Nc1ccc(CCCCCCCCCCCC)cc1,0.97
CCCCCCCCCCCCOC(=O)CCSCCCC(=N)Nc1ccc(OCCCCCCCCC)cc1,0.95
CCCCCCCCCCCCCCOC(=O)CCSCCCC(=N)Nc1ccc(CCCCCCCC)cc1,0.925
CCCCCCCCCCCCCCOC(=O)CCSCCCC(=N)Nc1ccc(CCCCCCCCCC)cc1,0.94
CCCCCCCCCCCCCCOC(=O)CCSCCCC(=N)Nc1ccc(CCCCCCCCCCCC)cc1,0.965
CCCCCCCCCCCCCCOC(=O)CCSCCCC(=N)Nc1ccc(OCCCCCCCCC)cc1,0.99
CCCCCCCCCCCCCCCCOC(=O)CCSCCCC(=N)Nc1ccc(CCCCCCCC)cc1,0.95
CCCCCCCCCCCCCCCCOC(=O)CCSCCCC(=N)Nc1ccc(CCCCCCCCCC)cc1,0.985
CCCCCCCCCCCCCCCCOC(=O)CCSCCCC(=N)Nc1ccc(CCCCCCCCCCCC)cc1,0.98
CCCCCCCCCCCCCCCCOC(=O)CCSCCCC(=N)Nc1ccc(OCCCCCCCCC)cc1,1.0
N(CCC(=O)OCCOC(=O)C(C)CSCC/C=C/CC)(CCC(=O)OCCOC(=O)C(C)CSCC/C=C/CC)CCCN1CCN(C)CC1,0.9750958
N(CCC(=O)OCCOC(=O)C(C)CSCC/C=C/CC)(CCC(=O)OCCOC(=O)C(C)CSCC/C=C/CC)CCCN1CCN(CCCN(CCC(=O)OCCOC(=O)C(C)CSCC/C=C/CC)(CCC(=O)OCCOC(=O)C(C)CSCC/C=C/CC))CC1,1.0
N(CCC(=O)OCCOC(=O)C(C)CSCC/C=C\CC)(CCC(=O)OCCOC(=O)C(C)CSCC/C=C\CC)CCCN1CCN(C)CC1,1.0
N(CCC(=O)OCCOC(=O)C(C)CSCC/C=C\CC)(CCC(=O)OCCOC(=O)C(C)CSCC/C=C\CC)CCCN1CCN(CCCN(CCC(=O)OCCOC(=O)C(C)CSCC/C=C\CC)(CCC(=O)OCCOC(=O)C(C)CSCC/C=C\CC))CC1,1.0
N(CCC(=O)OCCOC(=O)C(C)CSCCCCCCCC)(CCC(=O)OCCOC(=O)C(C)CSCCCCCCCC)CCCN1CCN(C)CC1,1.0
N(CCC(=O)OCCOC(=O)C(C)CSCCCCCCCC)(CCC(=O)OCCOC(=O)C(C)CSCCCCCCCC)CCCN1CCN(CCCN(CCC(=O)OCCOC(=O)C(C)CSCCCCCCCC)(CCC(=O)OCCOC(=O)C(C)CSCCCCCCCC))CC1,1.0
N(CCC(=O)OCCOC(=O)C(C)CSC/C=C(C)\CCC=C(C)C)(CCC(=O)OCCOC(=O)C(C)CSC/C=C(C)\CCC=C(C)C)CCCN1CCN(C)CC1,0.9942529
N(CCC(=O)OCCOC(=O)C(C)CSC/C=C(C)\CCC=C(C)C)(CCC(=O)OCCOC(=O)C(C)CSC/C=C(C)\CCC=C(C)C)CCCN1CCN(CCCN(CCC(=O)OCCOC(=O)C(C)CSC/C=C(C)\CCC=C(C)C)(CCC(=O)OCCOC(=O)C(C)CSC/C=C(C)\CCC=C(C)C))CC1,0.9693487
N(CCC(=O)OCCOC(=O)C(C)CSCCC/C=C/C)(CCC(=O)OCCOC(=O)C(C)CSCCC/C=C/C)CCCN1CCN(C)CC1,0.9559387
N(CCC(=O)OCCOC(=O)C(C)CSCCC/C=C/C)(CCC(=O)OCCOC(=O)C(C)CSCCC/C=C/C)CCCN1CCN(CCCN(CCC(=O)OCCOC(=O)C(C)CSCCC/C=C/C)(CCC(=O)OCCOC(=O)C(C)CSCCC/C=C/C))CC1,0.8678161
N(CCC(=O)OCCOC(=O)C(C)CSCCC/C=C\C)(CCC(=O)OCCOC(=O)C(C)CSCCC/C=C\C)CCCN1CCN(C)CC1,1.0
N(CCC(=O)OCCOC(=O)C(C)CSCCC/C=C\C)(CCC(=O)OCCOC(=O)C(C)CSCCC/C=C\C)CCCN1CCN(CCCN(CCC(=O)OCCOC(=O)C(C)CSCCC/C=C\C)(CCC(=O)OCCOC(=O)C(C)CSCCC/C=C\C))CC1,0.9252874
N(CCC(=O)OCCOC(=O)C(C)CSC/C=C\C/C=C\CC)(CCC(=O)OCCOC(=O)C(C)CSC/C=C\C/C=C\CC)CCCN1CCN(C)CC1,1.0
N(CCC(=O)OCCOC(=O)C(C)CSC/C=C\C/C=C\CC)(CCC(=O)OCCOC(=O)C(C)CSC/C=C\C/C=C\CC)CCCN1CCN(CCCN(CCC(=O)OCCOC(=O)C(C)CSC/C=C\C/C=C\CC)(CCC(=O)OCCOC(=O)C(C)CSC/C=C\C/C=C\CC))CC1,1.0
N(CCC(=O)OCCOC(=O)C(C)CSC/C=C(C)/CC/C=C(C)/CCC=C(C)C)(CCC(=O)OCCOC(=O)C(C)CSC/C=C(C)/CC/C=C(C)/CCC=C(C)C)CCCN1CCN(C)CC1,0.9808429
N(CCC(=O)OCCOC(=O)C(C)CSC/C=C(C)/CC/C=C(C)/CCC=C(C)C)(CCC(=O)OCCOC(=O)C(C)CSC/C=C(C)/CC/C=C(C)/CCC=C(C)C)CCCN1CCN(CCCN(CCC(=O)OCCOC(=O)C(C)CSC/C=C(C)/CC/C=C(C)/CCC=C(C)C)(CCC(=O)OCCOC(=O)C(C)CSC/C=C(C)/CC/C=C(C)/CCC=C(C)C))CC1,0.9214559
N(CCC(=O)OCCOC(=O)C(C)CSCCCCCCCC)(CCC(=O)OCCOC(=O)C(C)CSCCCCCCCC)CCCN1CCN(C)CC1,1.0
N(CCC(=O)OCCOC(=O)C(C)CSCCCCCCCC)(CCC(=O)OCCOC(=O)C(C)CSCCCCCCCC)CCCN1CCN(CCCN(CCC(=O)OCCOC(=O)C(C)CSCCCCCCCC)(CCC(=O)OCCOC(=O)C(C)CSCCCCCCCC))CC1,0.9061303
N(CCC(=O)OCCOC(=O)C(C)CSC/C=C/CCC)(CCC(=O)OCCOC(=O)C(C)CSC/C=C/CCC)CCCN1CCN(C)CC1,1.0
N(CCC(=O)OCCOC(=O)C(C)CSC/C=C/CCC)(CCC(=O)OCCOC(=O)C(C)CSC/C=C/CCC)CCCN1CCN(CCCN(CCC(=O)OCCOC(=O)C(C)CSC/C=C/CCC)(CCC(=O)OCCOC(=O)C(C)CSC/C=C/CCC))CC1,1.0
N(CCC(=O)OCCOC(=O)C(C)CSC/C=C\CCC)(CCC(=O)OCCOC(=O)C(C)CSC/C=C\CCC)CCCN1CCN(C)CC1,0.9980843
N(CCC(=O)OCCOC(=O)C(C)CSC/C=C\CCC)(CCC(=O)OCCOC(=O)C(C)CSC/C=C\CCC)CCCN1CCN(CCCN(CCC(=O)OCCOC(=O)C(C)CSC/C=C\CCC)(CCC(=O)OCCOC(=O)C(C)CSC/C=C\CCC))CC1,0.8582375
N(CCC(=O)OCCOC(=O)C(C)CSCCCCC=C)(CCC(=O)OCCOC(=O)C(C)CSCCCCC=C)CCCN1CCN(C)CC1,1.0
N(CCC(=O)OCCOC(=O)C(C)CSCCCCC=C)(CCC(=O)OCCOC(=O)C(C)CSCCCCC=C)CCCN1CCN(CCCN(CCC(=O)OCCOC(=O)C(C)CSCCCCC=C)(CCC(=O)OCCOC(=O)C(C)CSCCCCC=C))CC1,0.9444444
N(CCC(=O)OCCOC(=O)C(C)CSCCC(C)CCC=C(C)C)(CCC(=O)OCCOC(=O)C(C)CSCCC(C)CCC=C(C)C)CCCN1CCN(C)CC1,1.0
N(CCC(=O)OCCOC(=O)C(C)CSCCC(C)CCC=C(C)C)(CCC(=O)OCCOC(=O)C(C)CSCCC(C)CCC=C(C)C)CCCN1CCN(CCCN(CCC(=O)OCCOC(=O)C(C)CSCCC(C)CCC=C(C)C)(CCC(=O)OCCOC(=O)C(C)CSCCC(C)CCC=C(C)C))CC1,0.8984674
[O-]S(=O)(=O)CCC[N+](C)(C)CCNC(=O)CCN(CC(O)CCCCCC)CCCN5CCN(CCCN(CC(O)CCCCCC)CC(O)CCCCCC)CC5,1.0
[O-]S(=O)(=O)CCC[N+](C)(C)CCNC(=O)CCN(CC(O)CCCCCCCC)CCCN5CCN(CCCN(CC(O)CCCCCCCC)CC(O)CCCCCCCC)CC5,1.0
[O-]S(=O)(=O)CCC[N+](C)(C)CCNC(=O)CCN(CC(O)CCCCCCCCCC)CCCN5CCN(CCCN(CC(O)CCCCCCCCCC)CC(O)CCCCCCCCCC)CC5,1.0
[O-]S(=O)(=O)CCC[N+](C)(C)CCNC(=O)CCN(CC(O)CCCCCCCCCCCC)CCCN5CCN(CCCN(CC(O)CCCCCCCCCCCC)CC(O)CCCCCCCCCCCC)CC5,1.0
[O-]S(=O)(=O)CCC[N+](C)(C)CCNC(=O)CCN(CC(O)CCCCCCCCCCCCCC)CCCN5CCN(CCCN(CC(O)CCCCCCCCCCCCCC)CC(O)CCCCCCCCCCCCCC)CC5,1.0
[O-]S(=O)(=O)CCC[N+](C)(C)CCNC(=O)CCN(CC(O)CCCCCCCCCCCCCCCC)CCCN5CCN(CCCN(CC(O)CCCCCCCCCCCCCCCC)CC(O)CCCCCCCCCCCCCCCC)CC5,0.9802713
[O-]S(=O)(=O)CCC[N+](C)(C)CCNC(=O)CCN(CCC(=O)OCCCCCCCC)CCCN5CCN(CCCN(CCC(=O)OCCCCCCCC)CCC(=O)OCCCCCCCC)CC5,1.0
[O-]S(=O)(=O)CCC[N+](C)(C)CCNC(=O)CCN(CCC(=O)OCCCCCCCCCC)CCCN5CCN(CCCN(CCC(=O)OCCCCCCCCCC)CCC(=O)OCCCCCCCCCC)CC5,0.9802713
[O-]S(=O)(=O)CCC[N+](C)(C)CCNC(=O)CCN(CCC(=O)OCCCCCCCCCCCC)CCCN5CCN(CCCN(CCC(=O)OCCCCCCCCCCCC)CCC(=O)OCCCCCCCCCCCC)CC5,0.9617756
[O-]S(=O)(=O)CCC[N+](C)(C)CCNC(=O)CCN(CCC(=O)OCCCCCCCCCCCCCC)CCCN5CCN(CCCN(CCC(=O)OCCCCCCCCCCCCCC)CCC(=O)OCCCCCCCCCCCCCC)CC5,0.9765721
[O-]S(=O)(=O)CCC[N+](C)(C)CCNC(=O)CCN(CCC(=O)OCCCCCCCCCCCCCCCC)CCCN5CCN(CCCN(CCC(=O)OCCCCCCCCCCCCCCCC)CCC(=O)OCCCCCCCCCCCCCCCC)CC5,0.9733864
[O-]S(=O)(=O)CCC[N+](C)(C)CCNC(=O)CCN(CCC(=O)OCCCCCCCCCCCCCCCCCC)CCCN5CCN(CCCN(CCC(=O)OCCCCCCCCCCCCCCCCCC)CCC(=O)OCCCCCCCCCCCCCCCCCC)CC5,0.9432799
CCCCCCCCCOC(=O)CCSCCCC(=N)NCCCN1CCN(CCCNC(=N)CCCSCCC(=O)OCCCCCCCCC)CC1,0.905
CCCCCCCCCOC(=O)CCSCCCC(=N)NCCNCCN1CCN(CCNC(=N)CCCSCCC(=O)OCCCCCCCCC)CC1,0.975
CCCCCCCCCCCCOC(=O)CCSCCCC(=N)NCCCN1CCN(CCCNC(=N)CCCSCCC(=O)OCCCCCCCCCCCC)CC1,0.955
CCCCCCCCCCCCOC(=O)CCSCCCC(=N)NCCNCCN1CCN(CCNC(=N)CCCSCCC(=O)OCCCCCCCCCCCC)CC1,0.97
CCCCCCCCCCCCCCOC(=O)CCSCCCC(=N)NCCCN1CCN(CCCNC(=N)CCCSCCC(=O)OCCCCCCCCCCCCCC)CC1,0.96
CCCCCCCCCCCCCCOC(=O)CCSCCCC(=N)NCCNCCN1CCN(CCNC(=N)CCCSCCC(=O)OCCCCCCCCCCCCCC)CC1,0.99
CCCCCCCCCCCCCCCCOC(=O)CCSCCCC(=N)NCCCN1CCN(CCCNC(=N)CCCSCCC(=O)OCCCCCCCCCCCCCCCC)CC1,0.835
CCCCCCCCCCCCCCCCOC(=O)CCSCCCC(=N)NCCNCCN1CCN(CCNC(=N)CCCSCCC(=O)OCCCCCCCCCCCCCCCC)CC1,1.0
CCCC1CCC(c2ccc(C#CCN3CCN(CC#Cc4ccc(C5CCC(CCC)CC5)cc4)CC3)cc2)CC1,0.9535
CCCC1CCC(c2ccc(C#CCC(CCO)CCN(CC#Cc3ccc(C4CCC(CCC)CC4)cc3)CC#Cc3ccc(C4CCC(CCC)CC4)cc3)cc2)CC1,0.933
CCCC1CCC(c2ccc(C#CCN(CC#Cc3ccc(C4CCC(CCC)CC4)cc3)CCN(C)CCN(CC#Cc3ccc(C4CCC(CCC)CC4)cc3)CC#Cc3ccc(C4CCC(CCC)CC4)cc3)cc2)CC1,0.9565
CCCCCCC(=O)Oc1cc(CNCCCN2CCN(CCCN)CC2)cc(OC(=O)CCCCCC)c1,0.8956333
CCCCC(C)C(=O)Oc1cc(CNCCCN2CCN(CCCN)CC2)cc(OC(=O)C(C)CCCC)c1,0.9692
CCCCCCCC(=O)Oc1cc(CNCCCN2CCN(CCCN)CC2)cc(OC(=O)CCCCCCC)c1,0.9176667
CCCCCC(C)C(=O)Oc1cc(CNCCCN2CCN(CCCN)CC2)cc(OC(=O)C(C)CCCCC)c1,1.0
CCCCC(CC)C(=O)Oc1cc(CNCCCN2CCN(CCCN)CC2)cc(OC(=O)C(CC)CCCC)c1,1.0
CCCCCCCCC(=O)Oc1cc(CNCCCN2CCN(CCCN)CC2)cc(OC(=O)CCCCCCCC)c1,0.9748667
CCCCC(C)CCC(=O)Oc1cc(CNCCCN2CCN(CCCN)CC2)cc(OC(=O)CCC(C)CCC)c1,0.9690667
CCCCCCCCCC(=O)Oc1cc(CNCCCN2CCN(CCCN)CC2)cc(OC(=O)CCCCCCCCC)c1,1.0
CCCCCC(C)CCC(=O)Oc1cc(CNCCCN2CCN(CCCN)CC2)cc(OC(=O)CCC(C)CCCCC)c1,0.9232333
CCCCC(CC)CCC(=O)Oc1cc(CNCCCN2CCN(CCCN)CC2)cc(OC(=O)CCC(CC)CCCC)c1,1.0
CCCCC(C)C(=O)Oc1cc(OC(=O)C(C)CCCC)c(CNCCCN2CCN(CCCN)CC2)c(OC(=O)C(C)CCCC)c1,0.9920667
CCCCCC(C)C(=O)Oc1cc(OC(=O)C(C)CCCCC)c(CNCCCN2CCN(CCCN)CC2)c(OC(=O)C(C)CCCCC)c1,1.0
CCCCC(CC)C(=O)Oc1cc(OC(=O)C(CC)CCCC)c(CNCCCN2CCN(CCCN)CC2)c(OC(=O)C(CC)CCCC)c1,0.9323667
CCCCC(C)CCC(=O)Oc1cc(OC(=O)CCC(C)CCCC)c(CNCCCN2CCN(CCCN)CC2)c(OC(=O)CCC(C)CCCC)c1,0.9724667
CCCCC(CC)CCC(=O)Oc1cc(OC(=O)CCC(CC)CCCC)c(CNCCCN2CCN(CCCN)CC2)c(OC(=O)CCC(CC)CCCC)c1,0.9678333
CCCCCCC(=O)Oc1cc(CNCCCN2CCN(C)CC2)cc(OC(=O)CCCCCC)c1,1.0
CCCCC(C)C(=O)Oc1cc(CNCCCN2CCN(C)CC2)cc(OC(=O)C(C)CCCC)c1,1.0
CCCCCCCC(=O)Oc1cc(CNCCCN2CCN(C)CC2)cc(OC(=O)CCCCCCC)c1,1.0
CCCCCC(C)C(=O)Oc1cc(CNCCCN2CCN(C)CC2)cc(OC(=O)C(C)CCCCC)c1,0.9967333
CCCCC(CC)C(=O)Oc1cc(CNCCCN2CCN(C)CC2)cc(OC(=O)C(CC)CCCC)c1,1.0
CCCCCCCCC(=O)Oc1cc(CNCCCN2CCN(C)CC2)cc(OC(=O)CCCCCCCC)c1,1.0
CCCCC(C)CCC(=O)Oc1cc(CNCCCN2CCN(C)CC2)cc(OC(=O)CCC(C)CCC)c1,1.0
CCCCCCCCCC(=O)Oc1cc(CNCCCN2CCN(C)CC2)cc(OC(=O)CCCCCCCCC)c1,1.0
CCCCCC(C)CCC(=O)Oc1cc(CNCCCN2CCN(C)CC2)cc(OC(=O)CCC(C)CCCCC)c1,1.0
CCCCC(CC)CCC(=O)Oc1cc(CNCCCN2CCN(C)CC2)cc(OC(=O)CCC(CC)CCCC)c1,1.0
CCCCC(C)C(=O)Oc1cc(OC(=O)C(C)CCCC)c(CNCCCN2CCN(C)CC2)c(OC(=O)C(C)CCCC)c1,0.9811
CCCCCC(C)C(=O)Oc1cc(OC(=O)C(C)CCCCC)c(CNCCCN2CCN(C)CC2)c(OC(=O)C(C)CCCCC)c1,0.9819
CCCCC(CC)C(=O)Oc1cc(OC(=O)C(CC)CCCC)c(CNCCCN2CCN(C)CC2)c(OC(=O)C(CC)CCCC)c1,0.9924667
CCCCC(C)CCC(=O)Oc1cc(OC(=O)CCC(C)CCCC)c(CNCCCN2CCN(C)CC2)c(OC(=O)CCC(C)CCCC)c1,0.9751667
CCCCC(CC)CCC(=O)Oc1cc(OC(=O)CCC(CC)CCCC)c(CNCCCN2CCN(C)CC2)c(OC(=O)CCC(CC)CCCC)c1,0.9830333
CCCCc1ccc(C#CCN(CC#Cc2ccc(CCCC)cc2)c2ccccc2)cc1,1.0
CCCCCCc1ccc(C#CCN(CC#Cc2ccc(CCCCCC)cc2)c2ccccc2)cc1,0.998
CCCCc1ccc(C#CCN(CC#Cc2ccc(CCCC)cc2)CCCn2ccnc2)cc1,0.9505
CCCCCCc1ccc(C#CCN(CC#Cc2ccc(CCCCCC)cc2)CCCn2ccnc2)cc1,0.888
CCCCc1ccc(C#CCN(CC#Cc2ccc(CCCC)cc2)CCN2CCN(C)CC2)cc1,0.951
CCCCCCc1ccc(C#CCN(CC#Cc2ccc(CCCCCC)cc2)CCN2CCN(C)CC2)cc1,0.9495
CCCCc1ccc(C#CCN(CC)CCN(CC)CC#Cc2ccc(CCCC)cc2)cc1,0.913
CCCCCCc1ccc(C#CCN(CC)CCN(CC)CC#Cc2ccc(CCCCCC)cc2)cc1,0.937
CCCCc1ccc(C#CCN(CC#Cc2ccc(CCCC)cc2)CCN(CC#Cc2ccc(CCCC)cc2)CC#Cc2ccc(CCCC)cc2)cc1,0.932
CCCCCCc1ccc(C#CCN(CC#Cc2ccc(CCCCCC)cc2)CCN(CC#Cc2ccc(CCCCCC)cc2)CC#Cc2ccc(CCCCCC)cc2)cc1,0.9485
CCCCc1ccc(C#CCN(CC#Cc2ccc(CCCC)cc2)CCN(C)CCN(CC#Cc2ccc(CCCC)cc2)CC#Cc2ccc(CCCC)cc2)cc1,0.981
CCCCCCc1ccc(C#CCN(CC#Cc2ccc(CCCCCC)cc2)CCN(C)CCN(CC#Cc2ccc(CCCCCC)cc2)CC#Cc2ccc(CCCCCC)cc2)cc1,0.894
CCCCc1ccc(C#CCN(CC#Cc2ccc(CCCC)cc2)CCCN2CCN(CCCN(CC#Cc3ccc(CCCC)cc3)CC#Cc3ccc(CCCC)cc3)CC2)cc1,0.978
CCCCCCc1ccc(C#CCN(CC#Cc2ccc(CCCCCC)cc2)CCCN2CCN(CCCN(CC#Cc3ccc(CCCCCC)cc3)CC#Cc3ccc(CCCCCC)cc3)CC2)cc1,0.9865
CCCC1CCC(c2ccc(C#CCN(CC#Cc3ccc(C4CCC(CCC)CC4)cc3)CCCN3CCCC3)cc2)CC1,0.9705
CCCC1CCC(c2ccc(C#CCN(CC#Cc3ccc(C4CCC(CCC)CC4)cc3)CCN3CCCCC3)cc2)CC1,0.9785
CCCC1CCC(c2ccc(C#CCN(CC)CCN(CC)CC#Cc3ccc(C4CCC(CCC)CC4)cc3)cc2)CC1,0.9455
CCCC1CCC(c2ccc(C#CCN(CC#Cc3ccc(C4CCC(CCC)CC4)cc3)CCCN(CC#Cc3ccc(C4CCC(CCC)CC4)cc3)CC#Cc3ccc(C4CCC(CCC)CC4)cc3)cc2)CC1,0.946
CCCC1CCC(c2ccc(C#CCC(CC#Cc3ccc(C4CCC(CCC)CC4)cc3)CCN(CCN(CC#Cc3ccc(C4CCC(CCC)CC4)cc3)CC#Cc3ccc(C4CCC(CCC)CC4)cc3)CCN(CC#Cc3ccc(C4CCC(CCC)CC4)cc3)CC#Cc3ccc(C4CCC(CCC)CC4)cc3)cc2)CC1,0.9405
CCCCc1ccc(C#CCN(C)CC#Cc2ccc(CCCC)cc2)cc1,0.9665
CCCCCCc1ccc(C#CCN(C)CC#Cc2ccc(CCCCCC)cc2)cc1,0.9635
CCCCc1ccc(C#CCN(CC)CC#Cc2ccc(CCCC)cc2)cc1,0.9785
CCCCCCc1ccc(C#CCN(CC)CC#Cc2ccc(CCCCCC)cc2)cc1,0.952
CCCCc1ccc(C#CCN(CC#Cc2ccc(CCCC)cc2)CCOC)cc1,0.946
CCCCCCc1ccc(C#CCN(CC#Cc2ccc(CCCCCC)cc2)CCOC)cc1,0.961
CCCCc1ccc(C#CCN(CC#Cc2ccc(CCCC)cc2)CCO)cc1,0.9135
CCCCCCc1ccc(C#CCN(CC#Cc2ccc(CCCCCC)cc2)CCO)cc1,0.955
CCCCc1ccc(C#CCN(CC#Cc2ccc(CCCC)cc2)CC(=O)OC)cc1,0.9485
CCCCCCc1ccc(C#CCN(CC#Cc2ccc(CCCCCC)cc2)CC(=O)OC)cc1,0.9505
CCCCc1ccc(C#CCN(CC#Cc2ccc(CCCC)cc2)CCN(C)C)cc1,0.9205
CCCCCCc1ccc(C#CCN(CC#Cc2ccc(CCCCCC)cc2)CCN(C)C)cc1,0.9695
CCCCc1ccc(C#CCN(CC#Cc2ccc(CCCC)cc2)CCCN(C)C)cc1,0.934
CCCCCCc1ccc(C#CCN(CC#Cc2ccc(CCCCCC)cc2)CCCN(C)C)cc1,0.961
CCCCc1ccc(C#CCN(CC#Cc2ccc(CCCC)cc2)CCN(CC)CC)cc1,0.9145
CCCCCCc1ccc(C#CCN(CC#Cc2ccc(CCCCCC)cc2)CCN(CC)CC)cc1,0.918
CCCCc1ccc(C#CCN(CC#Cc2ccc(CCCC)cc2)CCCN(CC)CC)cc1,0.9725
CCCCCCc1ccc(C#CCN(CC#Cc2ccc(CCCCCC)cc2)CCCN(CC)CC)cc1,1.0
CCCC1CCC(c2ccc(C#CCN(C)CC#Cc3ccc(C4CCC(CCC)CC4)cc3)cc2)CC1,0.907
CCCC1CCC(c2ccc(C#CCN(CC)CC#Cc3ccc(C4CCC(CCC)CC4)cc3)cc2)CC1,0.951
CCCC1CCC(c2ccc(C#CCN(CC#Cc3ccc(C4CCC(CCC)CC4)cc3)CCOC)cc2)CC1,0.951
CCCC1CCC(c2ccc(C#CCN(CC#Cc3ccc(C4CCC(CCC)CC4)cc3)CCO)cc2)CC1,0.9685
CCCC1CCC(c2ccc(C#CCN(CC#Cc3ccc(C4CCC(CCC)CC4)cc3)CC(=O)OC)cc2)CC1,0.9545
CCCC1CCC(c2ccc(C#CCN(CC#Cc3ccc(C4CCC(CCC)CC4)cc3)CCN(C)C)cc2)CC1,0.9045
CCCC1CCC(c2ccc(C#CCN(CC#Cc3ccc(C4CCC(CCC)CC4)cc3)CCCN(C)C)cc2)CC1,0.9125
CCCC1CCC(c2ccc(C#CCN(CC#Cc3ccc(C4CCC(CCC)CC4)cc3)CCN(CC)CC)cc2)CC1,0.9245
CCCC1CCC(c2ccc(C#CCN(CC#Cc3ccc(C4CCC(CCC)CC4)cc3)CCCN(CC)CC)cc2)CC1,0.959
CCCCc1ccc(C#CCN(CC#Cc2ccc(CCCC)cc2)C2CCCCC2)cc1,0.9245
CCCCCCc1ccc(C#CCN(CC#Cc2ccc(CCCCCC)cc2)C2CCCCC2)cc1,0.968
CCCCc1ccc(C#CCN(CC#Cc2ccc(CCCC)cc2)C2CCC(O)CC2)cc1,0.958
CCCCCCc1ccc(C#CCN(CC#Cc2ccc(CCCCCC)cc2)C2CCC(O)CC2)cc1,0.9245
CCCCc1ccc(C#CCN(CC#Cc2ccc(CCCC)cc2)CCN2CCCC2)cc1,0.9955
CCCCCCc1ccc(C#CCN(CC#Cc2ccc(CCCCCC)cc2)CCN2CCCC2)cc1,0.991
CCCCc1ccc(C#CCN(CC#Cc2ccc(CCCC)cc2)CCN2CCOCC2)cc1,0.9645
CCCCCCc1ccc(C#CCN(CC#Cc2ccc(CCCCCC)cc2)CCN2CCOCC2)cc1,0.9445
CCCCc1ccc(C#CCN2CCN(CC#Cc3ccc(CCCC)cc3)CC2)cc1,0.9205
CCCCCCc1ccc(C#CCN2CCN(CC#Cc3ccc(CCCCCC)cc3)CC2)cc1,0.944
CCCCc1ccc(C#CCN(C)CCCN(C)CCCN(C)CC#Cc2ccc(CCCC)cc2)cc1,0.9905
CCCCCCc1ccc(C#CCN(C)CCCN(C)CCCN(C)CC#Cc2ccc(CCCCCC)cc2)cc1,0.956
CCCCc1ccc(C#CCN(CC#Cc2ccc(CCCC)cc2)CCCN(CC#Cc2ccc(CCCC)cc2)CC#Cc2ccc(CCCC)cc2)cc1,0.8905
CCCCCCc1ccc(C#CCN(CC#Cc2ccc(CCCCCC)cc2)CCCN(CC#Cc2ccc(CCCCCC)cc2)CC#Cc2ccc(CCCCCC)cc2)cc1,0.9315
CCCCc1ccc(C#CCN(CC#Cc2ccc(CCCC)cc2)CCCN(C)CCCN(CC#Cc2ccc(CCCC)cc2)CC#Cc2ccc(CCCC)cc2)cc1,0.9835
CCCCCCc1ccc(C#CCN(CC#Cc2ccc(CCCCCC)cc2)CCCN(C)CCCN(CC#Cc2ccc(CCCCCC)cc2)CC#Cc2ccc(CCCCCC)cc2)cc1,0.959
CCCC1CCC(c2ccc(C#CCN(CC#Cc3ccc(C4CCC(CCC)CC4)cc3)c3ccccc3)cc2)CC1,0.9685
CCCC1CCC(c2ccc(C#CCN(CC#Cc3ccc(C4CCC(CCC)CC4)cc3)CCCn3ccnc3)cc2)CC1,0.96
CCCC1CCC(c2ccc(C#CCN(CC#Cc3ccc(C4CCC(CCC)CC4)cc3)CCN3CCN(C)CC3)cc2)CC1,0.9765
CCCC1CCC(c2ccc(C#CCN(C)CCCN(C)CCCN(C)CC#Cc3ccc(C4CCC(CCC)CC4)cc3)cc2)CC1,0.8885
CCCC1CCC(c2ccc(C#CCN(CC#Cc3ccc(C4CCC(CCC)CC4)cc3)CCOCCOCCN(CC#Cc3ccc(C4CCC(CCC)CC4)cc3)CC#Cc3ccc(C4CCC(CCC)CC4)cc3)cc2)CC1,0.9285
CCCC1CCC(c2ccc(C#CCN(CC#Cc3ccc(C4CCC(CCC)CC4)cc3)CCCN3CCN(CCCN(CC#Cc4ccc(C5CCC(CCC)CC5)cc4)CC#Cc4ccc(C5CCC(CCC)CC5)cc4)CC3)cc2)CC1,0.956
CCCCC(O)CN(C)C1CC(N(CC(O)CCCC)CC(O)CCCC)C(O)C(OC2OC(CO)C(O)C3OC4(OC23)OC(C(CO)N(CC(O)CCCC)CC(O)CCCC)C(O)C(O)C4O)C1O,1.0
CCCCCCC(O)CN(C)C1CC(N(CC(O)CCCCCC)CC(O)CCCCCC)C(O)C(OC2OC(CO)C(O)C3OC4(OC23)OC(C(CO)N(CC(O)CCCCCC)CC(O)CCCCCC)C(O)C(O)C4O)C1O,1.0
CCCCCCCCC(O)CN(C)C1CC(N(CC(O)CCCCCCCC)CC(O)CCCCCCCC)C(O)C(OC2OC(CO)C(O)C3OC4(OC23)OC(C(CO)N(CC(O)CCCCCCCC)CC(O)CCCCCCCC)C(O)C(O)C4O)C1O,1.0
CC(C)CCCCCC(O)CN(C)C1CC(N(CC(O)CCCCCC(C)C)CC(O)CCCCCC(C)C)C(O)C(OC2OC(CO)C(O)C3OC4(OC23)OC(C(CO)N(CC(O)CCCCCC(C)C)CC(O)CCCCCC(C)C)C(O)C(O)C4O)C1O,1.0
CCCCCCCCCCC(O)CN(C)C1CC(N(CC(O)CCCCCCCCCC)CC(O)CCCCCCCCCC)C(O)C(OC2OC(CO)C(O)C3OC4(OC23)OC(C(CO)N(CC(O)CCCCCCCCCC)CC(O)CCCCCCCCCC)C(O)C(O)C4O)C1O,1.0
CCCCCCCCCCCCC(O)CN(C)C1CC(N(CC(O)CCCCCCCCCCCC)CC(O)CCCCCCCCCCCC)C(O)C(OC2OC(CO)C(O)C3OC4(OC23)OC(C(CO)N(CC(O)CCCCCCCCCCCC)CC(O)CCCCCCCCCCCC)C(O)C(O)C4O)C1O,1.0
CCCCC(O)CN(CC(O)CCCC)CC1CCC(N(CC(O)CCCC)CC(O)CCCC)C(OC2C(O)C(OC3CCC(C)(O)C(N(C)CC(O)CCCC)C3O)C(N(CC(O)CCCC)CC(O)CCCC)CC2N(CC(O)CCCC)CC(O)CCCC)O1,1.0
CCCCCCC(O)CN(CC(O)CCCCCC)CC1CCC(N(CC(O)CCCCCC)CC(O)CCCCCC)C(OC2C(O)C(OC3CCC(C)(O)C(N(C)CC(O)CCCCCC)C3O)C(N(CC(O)CCCCCC)CC(O)CCCCCC)CC2N(CC(O)CCCCCC)CC(O)CCCCCC)O1,1.0
CCCCCCCCC(O)CN(CC(O)CCCCCCCC)CC1CCC(N(CC(O)CCCCCCCC)CC(O)CCCCCCCC)C(OC2C(O)C(OC3CCC(C)(O)C(N(C)CC(O)CCCCCCCC)C3O)C(N(CC(O)CCCCCCCC)CC(O)CCCCCCCC)CC2N(CC(O)CCCCCCCC)CC(O)CCCCCCCC)O1,1.0
CC(C)CCCCCC(O)CN(CC(O)CCCCCC(C)C)CC1CCC(N(CC(O)CCCCCC(C)C)CC(O)CCCCCC(C)C)C(OC2C(O)C(OC3CCC(C)(O)C(N(C)CC(O)CCCCCC(C)C)C3O)C(N(CC(O)CCCCCC(C)C)CC(O)CCCCCC(C)C)CC2N(CC(O)CCCCCC(C)C)CC(O)CCCCCC(C)C)O1,1.0
CCCCCCCCCCC(O)CN(CC(O)CCCCCCCCCC)CC1CCC(N(CC(O)CCCCCCCCCC)CC(O)CCCCCCCCCC)C(OC2C(O)C(OC3CCC(C)(O)C(N(C)CC(O)CCCCCCCCCC)C3O)C(N(CC(O)CCCCCCCCCC)CC(O)CCCCCCCCCC)CC2N(CC(O)CCCCCCCCCC)CC(O)CCCCCCCCCC)O1,0.7742382
CCCCCCCCCCCCC(O)CN(CC(O)CCCCCCCCCCCC)CC1CCC(N(CC(O)CCCCCCCCCCCC)CC(O)CCCCCCCCCCCC)C(OC2C(O)C(OC3CCC(C)(O)C(N(C)CC(O)CCCCCCCCCCCC)C3O)C(N(CC(O)CCCCCCCCCCCC)CC(O)CCCCCCCCCCCC)CC2N(CC(O)CCCCCCCCCCCC)CC(O)CCCCCCCCCCCC)O1,0.9224377
CCCCC(O)CN(CCC(O)C(=O)N(CC(O)CCCC)C1CC(N(CC(O)CCCC)CC(O)CCCC)C(OC2OC(CN(CC(O)CCCC)CC(O)CCCC)C(O)C(O)C2O)C(O)C1OC1OC(CO)C(O)C(N(CC(O)CCCC)CC(O)CCCC)C1O)CC(O)CCCC,1.0
CCCCCCC(O)CN(CCC(O)C(=O)N(CC(O)CCCCCC)C1CC(N(CC(O)CCCCCC)CC(O)CCCCCC)C(OC2OC(CN(CC(O)CCCCCC)CC(O)CCCCCC)C(O)C(O)C2O)C(O)C1OC1OC(CO)C(O)C(N(CC(O)CCCCCC)CC(O)CCCCCC)C1O)CC(O)CCCCCC,1.0
CCCCCCCCC(O)CN(CCC(O)C(=O)N(CC(O)CCCCCCCC)C1CC(N(CC(O)CCCCCCCC)CC(O)CCCCCCCC)C(OC2OC(CN(CC(O)CCCCCCCC)CC(O)CCCCCCCC)C(O)C(O)C2O)C(O)C1OC1OC(CO)C(O)C(N(CC(O)CCCCCCCC)CC(O)CCCCCCCC)C1O)CC(O)CCCCCCCC,1.0
CC(C)CCCCCC(O)CN(CCC(O)C(=O)N(CC(O)CCCCCC(C)C)C1CC(N(CC(O)CCCCCC(C)C)CC(O)CCCCCC(C)C)C(OC2OC(CN(CC(O)CCCCCC(C)C)CC(O)CCCCCC(C)C)C(O)C(O)C2O)C(O)C1OC1OC(CO)C(O)C(N(CC(O)CCCCCC(C)C)CC(O)CCCCCC(C)C)C1O)CC(O)CCCCCC(C)C,1.0
CCCCCCCCCCC(O)CN(CCC(O)C(=O)N(CC(O)CCCCCCCCCC)C1CC(N(CC(O)CCCCCCCCCC)CC(O)CCCCCCCCCC)C(OC2OC(CN(CC(O)CCCCCCCCCC)CC(O)CCCCCCCCCC)C(O)C(O)C2O)C(O)C1OC1OC(CO)C(O)C(N(CC(O)CCCCCCCCCC)CC(O)CCCCCCCCCC)C1O)CC(O)CCCCCCCCCC,0.6952909
CCCCCCCCCCCCC(O)CN(CCC(O)C(=O)N(CC(O)CCCCCCCCCCCC)C1CC(N(CC(O)CCCCCCCCCCCC)CC(O)CCCCCCCCCCCC)C(OC2OC(CN(CC(O)CCCCCCCCCCCC)CC(O)CCCCCCCCCCCC)C(O)C(O)C2O)C(O)C1OC1OC(CO)C(O)C(N(CC(O)CCCCCCCCCCCC)CC(O)CCCCCCCCCCCC)C1O)CC(O)CCCCCCCCCCCC,0.8130194
CCCCC(O)CN(C)C1C(O)C(OC2C(O)C(OC3OC(C(C)O)C(O)C(O)C3N(CC(O)CCCC)CC(O)CCCC)C(N(CC(O)CCCC)CC(O)CCCC)CC2N(CC(O)CCCC)CC(O)CCCC)OCC1(C)O,1.0
CCCCCCC(O)CN(C)C1C(O)C(OC2C(O)C(OC3OC(C(C)O)C(O)C(O)C3N(CC(O)CCCCCC)CC(O)CCCCCC)C(N(CC(O)CCCCCC)CC(O)CCCCCC)CC2N(CC(O)CCCCCC)CC(O)CCCCCC)OCC1(C)O,1.0
CCCCCCCCC(O)CN(C)C1C(O)C(OC2C(O)C(OC3OC(C(C)O)C(O)C(O)C3N(CC(O)CCCCCCCC)CC(O)CCCCCCCC)C(N(CC(O)CCCCCCCC)CC(O)CCCCCCCC)CC2N(CC(O)CCCCCCCC)CC(O)CCCCCCCC)OCC1(C)O,1.0
CC(C)CCCCCC(O)CN(C)C1C(O)C(OC2C(O)C(OC3OC(C(C)O)C(O)C(O)C3N(CC(O)CCCCCC(C)C)CC(O)CCCCCC(C)C)C(N(CC(O)CCCCCC(C)C)CC(O)CCCCCC(C)C)CC2N(CC(O)CCCCCC(C)C)CC(O)CCCCCC(C)C)OCC1(C)O,0.9930748
CCCCCCCCCCC(O)CN(C)C1C(O)C(OC2C(O)C(OC3OC(C(C)O)C(O)C(O)C3N(CC(O)CCCCCCCCCC)CC(O)CCCCCCCCCC)C(N(CC(O)CCCCCCCCCC)CC(O)CCCCCCCCCC)CC2N(CC(O)CCCCCCCCCC)CC(O)CCCCCCCCCC)OCC1(C)O,0.998615
CCCCCCCCCCCCC(O)CN(C)C1C(O)C(OC2C(O)C(OC3OC(C(C)O)C(O)C(O)C3N(CC(O)CCCCCCCCCCCC)CC(O)CCCCCCCCCCCC)C(N(CC(O)CCCCCCCCCCCC)CC(O)CCCCCCCCCCCC)CC2N(CC(O)CCCCCCCCCCCC)CC(O)CCCCCCCCCCCC)OCC1(C)O,0.8448753
CCCCCCOC(=O)CCCN(C)C1CC(N(CCCC(=O)OCCCCCC)CCCC(=O)OCCCCCC)C(O)C(OC2OC(CO)C(O)C3OC4(OC23)OC(C(CO)N(CCCC(=O)OCCCCCC)CCCC(=O)OCCCCCC)C(O)C(O)C4O)C1O,1.0
CCCCCCCCOC(=O)CCCN(C)C1CC(N(CCCC(=O)OCCCCCCCC)CCCC(=O)OCCCCCCCC)C(O)C(OC2OC(CO)C(O)C3OC4(OC23)OC(C(CO)N(CCCC(=O)OCCCCCCCC)CCCC(=O)OCCCCCCCC)C(O)C(O)C4O)C1O,1.0
CC(C)CCCCCOC(=O)CCCN(C)C1CC(N(CCCC(=O)OCCCCCC(C)C)CCCC(=O)OCCCCCC(C)C)C(O)C(OC2OC(CO)C(O)C3OC4(OC23)OC(C(CO)N(CCCC(=O)OCCCCCC(C)C)CCCC(=O)OCCCCCC(C)C)C(O)C(O)C4O)C1O,1.0
CCCCCCCCCCOC(=O)CCCN(C)C1CC(N(CCCC(=O)OCCCCCCCCCC)CCCC(=O)OCCCCCCCCCC)C(O)C(OC2OC(CO)C(O)C3OC4(OC23)OC(C(CO)N(CCCC(=O)OCCCCCCCCCC)CCCC(=O)OCCCCCCCCCC)C(O)C(O)C4O)C1O,1.0
CCCCCCCCCCCCOC(=O)CCCN(C)C1CC(N(CCCC(=O)OCCCCCCCCCCCC)CCCC(=O)OCCCCCCCCCCCC)C(O)C(OC2OC(CO)C(O)C3OC4(OC23)OC(C(CO)N(CCCC(=O)OCCCCCCCCCCCC)CCCC(=O)OCCCCCCCCCCCC)C(O)C(O)C4O)C1O,1.0
CCCCCCOC(=O)CCCN(CCCC(=O)OCCCCCC)CC1CCC(N(CCCC(=O)OCCCCCC)CCCC(=O)OCCCCCC)C(OC2C(O)C(OC3CCC(C)(O)C(N(C)CCCC(=O)OCCCCCC)C3O)C(N(CCCC(=O)OCCCCCC)CCCC(=O)OCCCCCC)CC2N(CCCC(=O)OCCCCCC)CCCC(=O)OCCCCCC)O1,1.0
CCCCCCCCOC(=O)CCCN(CCCC(=O)OCCCCCCCC)CC1CCC(N(CCCC(=O)OCCCCCCCC)CCCC(=O)OCCCCCCCC)C(OC2C(O)C(OC3CCC(C)(O)C(N(C)CCCC(=O)OCCCCCCCC)C3O)C(N(CCCC(=O)OCCCCCCCC)CCCC(=O)OCCCCCCCC)CC2N(CCCC(=O)OCCCCCCCC)CCCC(=O)OCCCCCCCC)O1,1.0
CC(C)CCCCCOC(=O)CCCN(CCCC(=O)OCCCCCC(C)C)CC1CCC(N(CCCC(=O)OCCCCCC(C)C)CCCC(=O)OCCCCCC(C)C)C(OC2C(O)C(OC3CCC(C)(O)C(N(C)CCCC(=O)OCCCCCC(C)C)C3O)C(N(CCCC(=O)OCCCCCC(C)C)CCCC(=O)OCCCCCC(C)C)CC2N(CCCC(=O)OCCCCCC(C)C)CCCC(=O)OCCCCCC(C)C)O1,1.0
CCCCCCCCCCOC(=O)CCCN(CCCC(=O)OCCCCCCCCCC)CC1CCC(N(CCCC(=O)OCCCCCCCCCC)CCCC(=O)OCCCCCCCCCC)C(OC2C(O)C(OC3CCC(C)(O)C(N(C)CCCC(=O)OCCCCCCCCCC)C3O)C(N(CCCC(=O)OCCCCCCCCCC)CCCC(=O)OCCCCCCCCCC)CC2N(CCCC(=O)OCCCCCCCCCC)CCCC(=O)OCCCCCCCCCC)O1,1.0
CCCCCCCCCCCCOC(=O)CCCN(CCCC(=O)OCCCCCCCCCCCC)CC1CCC(N(CCCC(=O)OCCCCCCCCCCCC)CCCC(=O)OCCCCCCCCCCCC)C(OC2C(O)C(OC3CCC(C)(O)C(N(C)CCCC(=O)OCCCCCCCCCCCC)C3O)C(N(CCCC(=O)OCCCCCCCCCCCC)CCCC(=O)OCCCCCCCCCCCC)CC2N(CCCC(=O)OCCCCCCCCCCCC)CCCC(=O)OCCCCCCCCCCCC)O1,1.0
CCCCCCOC(=O)CCCN(CCCC(=O)OCCCCCC)CCC(O)C(=O)N(CCCC(=O)OCCCCCC)C1CC(N(CCCC(=O)OCCCCCC)CCCC(=O)OCCCCCC)C(OC2OC(CN(CCCC(=O)OCCCCCC)CCCC(=O)OCCCCCC)C(O)C(O)C2O)C(O)C1OC1OC(CO)C(O)C(N(CCCC(=O)OCCCCCC)CCCC(=O)OCCCCCC)C1O,0.9563712
CCCCCCCCOC(=O)CCCN(CCCC(=O)OCCCCCCCC)CCC(O)C(=O)N(CCCC(=O)OCCCCCCCC)C1CC(N(CCCC(=O)OCCCCCCCC)CCCC(=O)OCCCCCCCC)C(OC2OC(CN(CCCC(=O)OCCCCCCCC)CCCC(=O)OCCCCCCCC)C(O)C(O)C2O)C(O)C1OC1OC(CO)C(O)C(N(CCCC(=O)OCCCCCCCC)CCCC(=O)OCCCCCCCC)C1O,1.0
CC(C)CCCCCOC(=O)CCCN(CCCC(=O)OCCCCCC(C)C)CCC(O)C(=O)N(CCCC(=O)OCCCCCC(C)C)C1CC(N(CCCC(=O)OCCCCCC(C)C)CCCC(=O)OCCCCCC(C)C)C(OC2OC(CN(CCCC(=O)OCCCCCC(C)C)CCCC(=O)OCCCCCC(C)C)C(O)C(O)C2O)C(O)C1OC1OC(CO)C(O)C(N(CCCC(=O)OCCCCCC(C)C)CCCC(=O)OCCCCCC(C)C)C1O,1.0
CCCCCCCCCCOC(=O)CCCN(CCCC(=O)OCCCCCCCCCC)CCC(O)C(=O)N(CCCC(=O)OCCCCCCCCCC)C1CC(N(CCCC(=O)OCCCCCCCCCC)CCCC(=O)OCCCCCCCCCC)C(OC2OC(CN(CCCC(=O)OCCCCCCCCCC)CCCC(=O)OCCCCCCCCCC)C(O)C(O)C2O)C(O)C1OC1OC(CO)C(O)C(N(CCCC(=O)OCCCCCCCCCC)CCCC(=O)OCCCCCCCCCC)C1O,0.8975069
CCCCCCCCCCCCOC(=O)CCCN(CCCC(=O)OCCCCCCCCCCCC)CCC(O)C(=O)N(CCCC(=O)OCCCCCCCCCCCC)C1CC(N(CCCC(=O)OCCCCCCCCCCCC)CCCC(=O)OCCCCCCCCCCCC)C(OC2OC(CN(CCCC(=O)OCCCCCCCCCCCC)CCCC(=O)OCCCCCCCCCCCC)C(O)C(O)C2O)C(O)C1OC1OC(CO)C(O)C(N(CCCC(=O)OCCCCCCCCCCCC)CCCC(=O)OCCCCCCCCCCCC)C1O,1.0
CCCCCCOC(=O)CCCN(C)C1C(O)C(OC2C(O)C(OC3OC(C(C)O)C(O)C(O)C3N(CCCC(=O)OCCCCCC)CCCC(=O)OCCCCCC)C(N(CCCC(=O)OCCCCCC)CCCC(=O)OCCCCCC)CC2N(CCCC(=O)OCCCCCC)CCCC(=O)OCCCCCC)OCC1(C)O,1.0
CCCCCCCCOC(=O)CCCN(C)C1C(O)C(OC2C(O)C(OC3OC(C(C)O)C(O)C(O)C3N(CCCC(=O)OCCCCCCCC)CCCC(=O)OCCCCCCCC)C(N(CCCC(=O)OCCCCCCCC)CCCC(=O)OCCCCCCCC)CC2N(CCCC(=O)OCCCCCCCC)CCCC(=O)OCCCCCCCC)OCC1(C)O,1.0
CC(C)CCCCCOC(=O)CCCN(C)C1C(O)C(OC2C(O)C(OC3OC(C(C)O)C(O)C(O)C3N(CCCC(=O)OCCCCCC(C)C)CCCC(=O)OCCCCCC(C)C)C(N(CCCC(=O)OCCCCCC(C)C)CCCC(=O)OCCCCCC(C)C)CC2N(CCCC(=O)OCCCCCC(C)C)CCCC(=O)OCCCCCC(C)C)OCC1(C)O,1.0
CCCCCCCCCCOC(=O)CCCN(C)C1C(O)C(OC2C(O)C(OC3OC(C(C)O)C(O)C(O)C3N(CCCC(=O)OCCCCCCCCCC)CCCC(=O)OCCCCCCCCCC)C(N(CCCC(=O)OCCCCCCCCCC)CCCC(=O)OCCCCCCCCCC)CC2N(CCCC(=O)OCCCCCCCCCC)CCCC(=O)OCCCCCCCCCC)OCC1(C)O,1.0
CCCCCCCCCCCCOC(=O)CCCN(C)C1C(O)C(OC2C(O)C(OC3OC(C(C)O)C(O)C(O)C3N(CCCC(=O)OCCCCCCCCCCCC)CCCC(=O)OCCCCCCCCCCCC)C(N(CCCC(=O)OCCCCCCCCCCCC)CCCC(=O)OCCCCCCCCCCCC)CC2N(CCCC(=O)OCCCCCCCCCCCC)CCCC(=O)OCCCCCCCCCCCC)OCC1(C)O,1.0
CCCCCCCCCCC(O)N(CCC(O)C(=O)NC1CC(N(C(O)CCCCCCCCCC)C(O)CCCCCCCCCC)C(OC2OC(CN(C(O)CCCCCCCCCC)C(O)CCCCCCCCCC)C(O)C(O)C2O)C(O)C1OC1OC(CO)C(O)C(N(C(O)CCCCCCCCCC)C(O)CCCCCCCCCC)C1O)C(O)CCCCCCCCCC,0.7923497
CCCCCCCCCCCC(O)N(CCC(O)C(=O)NC1CC(N(C(O)CCCCCCCCCCC)C(O)CCCCCCCCCCC)C(OC2OC(CN(C(O)CCCCCCCCCCC)C(O)CCCCCCCCCCC)C(O)C(O)C2O)C(O)C1OC1OC(CO)C(O)C(N(C(O)CCCCCCCCCCC)C(O)CCCCCCCCCCC)C1O)C(O)CCCCCCCCCCC,0.9043716
CCCCCCCCCCCCC(O)N(CCC(O)C(=O)NC1CC(N(C(O)CCCCCCCCCCCC)C(O)CCCCCCCCCCCC)C(OC2OC(CN(C(O)CCCCCCCCCCCC)C(O)CCCCCCCCCCCC)C(O)C(O)C2O)C(O)C1OC1OC(CO)C(O)C(N(C(O)CCCCCCCCCCCC)C(O)CCCCCCCCCCCC)C1O)C(O)CCCCCCCCCCCC,1.0
CCCCCCCCCCCCCC(O)N(CCC(O)C(=O)NC1CC(N(C(O)CCCCCCCCCCCCC)C(O)CCCCCCCCCCCCC)C(OC2OC(CN(C(O)CCCCCCCCCCCCC)C(O)CCCCCCCCCCCCC)C(O)C(O)C2O)C(O)C1OC1OC(CO)C(O)C(N(C(O)CCCCCCCCCCCCC)C(O)CCCCCCCCCCCCC)C1O)C(O)CCCCCCCCCCCCC,1.0
CCCCCCCCCCCCCCC(O)N(CCC(O)C(=O)NC1CC(N(C(O)CCCCCCCCCCCCCC)C(O)CCCCCCCCCCCCCC)C(OC2OC(CN(C(O)CCCCCCCCCCCCCC)C(O)CCCCCCCCCCCCCC)C(O)C(O)C2O)C(O)C1OC1OC(CO)C(O)C(N(C(O)CCCCCCCCCCCCCC)C(O)CCCCCCCCCCCCCC)C1O)C(O)CCCCCCCCCCCCCC,0.9153005
CCCCCCCCCCCCCCCCC(O)N(CCC(O)C(=O)NC1CC(N(C(O)CCCCCCCCCCCCCCCC)C(O)CCCCCCCCCCCCCCCC)C(OC2OC(CN(C(O)CCCCCCCCCCCCCCCC)C(O)CCCCCCCCCCCCCCCC)C(O)C(O)C2O)C(O)C1OC1OC(CO)C(O)C(N(C(O)CCCCCCCCCCCCCCCC)C(O)CCCCCCCCCCCCCCCC)C1O)C(O)CCCCCCCCCCCCCCCC,0.9508197
CCCCCCCCCCC(O)N(C)C1C(O)C(OC2C(O)C(OC3OC(C(C)O)C(O)C(O)C3N(C(O)CCCCCCCCCC)C(O)CCCCCCCCCC)C(N(C(O)CCCCCCCCCC)C(O)CCCCCCCCCC)CC2N(C(O)CCCCCCCCCC)C(O)CCCCCCCCCC)OCC1(C)O,0.8579235
CCCCCCCCCCCC(O)N(C)C1C(O)C(OC2C(O)C(OC3OC(C(C)O)C(O)C(O)C3N(C(O)CCCCCCCCCCC)C(O)CCCCCCCCCCC)C(N(C(O)CCCCCCCCCCC)C(O)CCCCCCCCCCC)CC2N(C(O)CCCCCCCCCCC)C(O)CCCCCCCCCCC)OCC1(C)O,1.0
CCCCCCCCCCCCC(O)N(C)C1C(O)C(OC2C(O)C(OC3OC(C(C)O)C(O)C(O)C3N(C(O)CCCCCCCCCCCC)C(O)CCCCCCCCCCCC)C(N(C(O)CCCCCCCCCCCC)C(O)CCCCCCCCCCCC)CC2N(C(O)CCCCCCCCCCCC)C(O)CCCCCCCCCCCC)OCC1(C)O,0.7650273
CCCCCCCCCCCCCC(O)N(C)C1C(O)C(OC2C(O)C(OC3OC(C(C)O)C(O)C(O)C3N(C(O)CCCCCCCCCCCCC)C(O)CCCCCCCCCCCCC)C(N(C(O)CCCCCCCCCCCCC)C(O)CCCCCCCCCCCCC)CC2N(C(O)CCCCCCCCCCCCC)C(O)CCCCCCCCCCCCC)OCC1(C)O,0.6803279
CCCCCCCCCCCC(O)N(CC1OC(OC2C(CO)OC(OC3C(O)C(N(C(O)CCCCCCCCCCC)C(O)CCCCCCCCCCC)CC(N(C(O)CCCCCCCCCCC)C(O)CCCCCCCCCCC)C3OC3OC(CO)C(O)C(O)C3N(C(O)CCCCCCCCCCC)C(O)CCCCCCCCCCC)C2O)C(N(C(O)CCCCCCCCCCC)C(O)CCCCCCCCCCC)C(O)C1O)C(O)CCCCCCCCCCC,1.0
CCCCCCCCCCC(O)N(C)C1CC(N(C(O)CCCCCCCCCC)C(O)CCCCCCCCCC)C(O)C(OC2OC(CO)C(O)C3OC4(OC23)OC(C(CO)N(C(O)CCCCCCCCCC)C(O)CCCCCCCCCC)C(O)C(O)C4O)C1O,0.9808743
CCCCCCCCCCCC(O)N(C)C1CC(N(C(O)CCCCCCCCCCC)C(O)CCCCCCCCCCC)C(O)C(OC2OC(CO)C(O)C3OC4(OC23)OC(C(CO)N(C(O)CCCCCCCCCCC)C(O)CCCCCCCCCCC)C(O)C(O)C4O)C1O,0.9043716
CCCCCCCCCCCCC(O)N(C)C1CC(N(C(O)CCCCCCCCCCCC)C(O)CCCCCCCCCCCC)C(O)C(OC2OC(CO)C(O)C3OC4(OC23)OC(C(CO)N(C(O)CCCCCCCCCCCC)C(O)CCCCCCCCCCCC)C(O)C(O)C4O)C1O,1.0
CCCCCCCCCCCCCC(O)N(C)C1CC(N(C(O)CCCCCCCCCCCCC)C(O)CCCCCCCCCCCCC)C(O)C(OC2OC(CO)C(O)C3OC4(OC23)OC(C(CO)N(C(O)CCCCCCCCCCCCC)C(O)CCCCCCCCCCCCC)C(O)C(O)C4O)C1O,1.0
CCCCCCCCCCCCCCC(O)N(C)C1CC(N(C(O)CCCCCCCCCCCCCC)C(O)CCCCCCCCCCCCCC)C(O)C(OC2OC(CO)C(O)C3OC4(OC23)OC(C(CO)N(C(O)CCCCCCCCCCCCCC)C(O)CCCCCCCCCCCCCC)C(O)C(O)C4O)C1O,1.0
CCCCCCCCCCCCCCCCC(O)N(C)C1CC(N(C(O)CCCCCCCCCCCCCCCC)C(O)CCCCCCCCCCCCCCCC)C(O)C(OC2OC(CO)C(O)C3OC4(OC23)OC(C(CO)N(C(O)CCCCCCCCCCCCCCCC)C(O)CCCCCCCCCCCCCCCC)C(O)C(O)C4O)C1O,1.0
CCCCCCCCCCCC(O)N(CC1OC(OC2C(O)C(OC3OC(CO)C(O)C(N(C(O)CCCCCCCCCCC)C(O)CCCCCCCCCCC)C3O)C(N(C(O)CCCCCCCCCCC)C(O)CCCCCCCCCCC)CC2N(C(O)CCCCCCCCCCC)C(O)CCCCCCCCCCC)C(N(C(O)CCCCCCCCCCC)C(O)CCCCCCCCCCC)C(O)C1O)C(O)CCCCCCCCCCC,1.0
CCCCCCCCCCCCC(O)N(CC1OC(OC2C(O)C(OC3OC(CO)C(O)C(N(C(O)CCCCCCCCCCCC)C(O)CCCCCCCCCCCC)C3O)C(N(C(O)CCCCCCCCCCCC)C(O)CCCCCCCCCCCC)CC2N(C(O)CCCCCCCCCCCC)C(O)CCCCCCCCCCCC)C(N(C(O)CCCCCCCCCCCC)C(O)CCCCCCCCCCCC)C(O)C1O)C(O)CCCCCCCCCCCC,1.0
CCCCCCCCCCCCCC(O)N(CC1OC(OC2C(O)C(OC3OC(CO)C(O)C(N(C(O)CCCCCCCCCCCCC)C(O)CCCCCCCCCCCCC)C3O)C(N(C(O)CCCCCCCCCCCCC)C(O)CCCCCCCCCCCCC)CC2N(C(O)CCCCCCCCCCCCC)C(O)CCCCCCCCCCCCC)C(N(C(O)CCCCCCCCCCCCC)C(O)CCCCCCCCCCCCC)C(O)C1O)C(O)CCCCCCCCCCCCC,0.4726776
CCCCCCCCCCCCCCC(O)N(C)C1C(OC2CC(O)C(N(C(O)CCCCCCCCCCCCCC)C(O)CCCCCCCCCCCCCC)C(CO)O2)OC2CC(N(C(O)CCCCCCCCCCCCCC)C(O)CCCCCCCCCCCCCC)C(OC3C(O)C(O)C(N(C(O)CCCCCCCCCCCCCC)C(O)CCCCCCCCCCCCCC)CC3N(C(O)CCCCCCCCCCCCCC)C(O)CCCCCCCCCCCCCC)OC2C1O,0.8360656
CCCCCCCCCCC(O)N(CC1OC(OC2C(OC3OC(CO)C(O)C3O)C(O)C(N(C(O)CCCCCCCCCC)C(O)CCCCCCCCCC)CC2N(C(O)CCCCCCCCCC)C(O)CCCCCCCCCC)C(N(C(O)CCCCCCCCCC)C(O)CCCCCCCCCC)C(O)C1O)C(O)CCCCCCCCCC,1.0
CCCCCCCCCCCCC(O)N(CC1OC(OC2C(OC3OC(CO)C(O)C3O)C(O)C(N(C(O)CCCCCCCCCCCC)C(O)CCCCCCCCCCCC)CC2N(C(O)CCCCCCCCCCCC)C(O)CCCCCCCCCCCC)C(N(C(O)CCCCCCCCCCCC)C(O)CCCCCCCCCCCC)C(O)C1O)C(O)CCCCCCCCCCCC,0.6885246
CCCCCCCCCCCC(O)N(C)C(C)C1CCC(N(C(O)CCCCCCCCCCC)C(O)CCCCCCCCCCC)C(OC2C(O)C(OC3OCC(C)(O)C(N(C)C(O)CCCCCCCCCCC)C3O)C(N(C(O)CCCCCCCCCCC)C(O)CCCCCCCCCCC)CC2N(C(O)CCCCCCCCCCC)C(O)CCCCCCCCCCC)O1,0.7076503
CCCCCCCCCCCCC(O)N(C)C(C)C1CCC(N(C(O)CCCCCCCCCCCC)C(O)CCCCCCCCCCCC)C(OC2C(O)C(OC3OCC(C)(O)C(N(C)C(O)CCCCCCCCCCCC)C3O)C(N(C(O)CCCCCCCCCCCC)C(O)CCCCCCCCCCCC)CC2N(C(O)CCCCCCCCCCCC)C(O)CCCCCCCCCCCC)O1,0.7459016
CCCCCCCCCCCCCC(O)N(C)C(C)C1CCC(N(C(O)CCCCCCCCCCCCC)C(O)CCCCCCCCCCCCC)C(OC2C(O)C(OC3OCC(C)(O)C(N(C)C(O)CCCCCCCCCCCCC)C3O)C(N(C(O)CCCCCCCCCCCCC)C(O)CCCCCCCCCCCCC)CC2N(C(O)CCCCCCCCCCCCC)C(O)CCCCCCCCCCCCC)O1,0.5409836
CCCCCCCCCCCCCCC(O)N(C)C(C)C1CCC(N(C(O)CCCCCCCCCCCCCC)C(O)CCCCCCCCCCCCCC)C(OC2C(O)C(OC3OCC(C)(O)C(N(C)C(O)CCCCCCCCCCCCCC)C3O)C(N(C(O)CCCCCCCCCCCCCC)C(O)CCCCCCCCCCCCCC)CC2N(C(O)CCCCCCCCCCCCCC)C(O)CCCCCCCCCCCCCC)O1,0.6994536
CCCCCCCCCCCC(O)N(C(O)CCCCCCCCCCC)C1CC(N(C(O)CCCCCCCCCCC)C(O)CCCCCCCCCCC)C(O)C(O)C1O,0.3907104
CCCCCCCCCCCCC(O)N(C(O)CCCCCCCCCCCC)C1CC(N(C(O)CCCCCCCCCCCC)C(O)CCCCCCCCCCCC)C(O)C(O)C1O,0.1830601
CCCCC(O)CN(CCCN(C)C)CC(O)CCCC,0.953
CCCCCCC(O)CN(CCCN(C)C)CC(O)CCCCCC,0.9073333
CCCCCCCCC(O)CN(CCCN(C)C)CC(O)CCCCCCCC,0.9336667
CCCCCCCCCCC(O)CN(CCCN(C)C)CC(O)CCCCCCCCCC,0.917
CCCCCCCCCCCCC(O)CN(CCCN(C)C)CC(O)CCCCCCCCCCCC,0.9043333
CCCCCC(=O)OC(CCCC)CN(CCCN(C)C)CC(CCCC)OC(=O)CCCCC,1.0
CCCCCCCC(=O)OC(CCCC)CN(CCCN(C)C)CC(CCCC)OC(=O)CCCCCCC,0.9843333
CCCCCCCCCC(=O)OC(CCCC)CN(CCCN(C)C)CC(CCCC)OC(=O)CCCCCCCCC,0.9456667
CCCCCCCCCCCC(=O)OC(CCCC)CN(CCCN(C)C)CC(CCCC)OC(=O)CCCCCCCCCCC,0.9933333
CCCCCCCCCCCCCC(=O)OC(CCCC)CN(CCCN(C)C)CC(CCCC)OC(=O)CCCCCCCCCCCCC,0.9686667
CCCCCC(=O)OC(CCCCCC)CN(CCCN(C)C)CC(CCCCCC)OC(=O)CCCCC,0.9833333
CCCCCCCC(=O)OC(CCCCCC)CN(CCCN(C)C)CC(CCCCCC)OC(=O)CCCCCCC,0.9043333
CCCCCCCCCC(=O)OC(CCCCCC)CN(CCCN(C)C)CC(CCCCCC)OC(=O)CCCCCCCCC,0.9073333
CCCCCCCCCCCC(=O)OC(CCCCCC)CN(CCCN(C)C)CC(CCCCCC)OC(=O)CCCCCCCCCCC,0.965
CCCCCCCCCCCCCC(=O)OC(CCCCCC)CN(CCCN(C)C)CC(CCCCCC)OC(=O)CCCCCCCCCCCCC,0.983
CCCCCC(=O)OC(CCCCCCCC)CN(CCCN(C)C)CC(CCCCCCCC)OC(=O)CCCCC,0.9196667
CCCCCCCC(=O)OC(CCCCCCCC)CN(CCCN(C)C)CC(CCCCCCCC)OC(=O)CCCCCCC,0.976
CCCCCCCCCC(=O)OC(CCCCCCCC)CN(CCCN(C)C)CC(CCCCCCCC)OC(=O)CCCCCCCCC,0.993
CCCCCCCCCCCC(=O)OC(CCCCCCCC)CN(CCCN(C)C)CC(CCCCCCCC)OC(=O)CCCCCCCCCCC,0.9383333
CCCCCCCCCCCCCC(=O)OC(CCCCCCCC)CN(CCCN(C)C)CC(CCCCCCCC)OC(=O)CCCCCCCCCCCCC,0.987
CCCCCC(=O)OC(CCCCCCCCCC)CN(CCCN(C)C)CC(CCCCCCCCCC)OC(=O)CCCCC,0.8816667
CCCCCCCC(=O)OC(CCCCCCCCCC)CN(CCCN(C)C)CC(CCCCCCCCCC)OC(=O)CCCCCCC,0.9283333
CCCCCCCCCC(=O)OC(CCCCCCCCCC)CN(CCCN(C)C)CC(CCCCCCCCCC)OC(=O)CCCCCCCCC,0.9446667
CCCCCCCCCCCC(=O)OC(CCCCCCCCCC)CN(CCCN(C)C)CC(CCCCCCCCCC)OC(=O)CCCCCCCCCCC,0.9423333
CCCCCCCCCCCCCC(=O)OC(CCCCCCCCCC)CN(CCCN(C)C)CC(CCCCCCCCCC)OC(=O)CCCCCCCCCCCCC,0.8956667
CCCCCC(=O)OC(CCCCCCCCCCCC)CN(CCCN(C)C)CC(CCCCCCCCCCCC)OC(=O)CCCCC,0.98
CCCCCCCC(=O)OC(CCCCCCCCCCCC)CN(CCCN(C)C)CC(CCCCCCCCCCCC)OC(=O)CCCCCCC,1.0
CCCCCCCCCC(=O)OC(CCCCCCCCCCCC)CN(CCCN(C)C)CC(CCCCCCCCCCCC)OC(=O)CCCCCCCCC,0.9766667
CCCCCCCCCCCC(=O)OC(CCCCCCCCCCCC)CN(CCCN(C)C)CC(CCCCCCCCCCCC)OC(=O)CCCCCCCCCCC,0.937
CCCCCCCCCCCCCC(=O)OC(CCCCCCCCCCCC)CN(CCCN(C)C)CC(CCCCCCCCCCCC)OC(=O)CCCCCCCCCCCCC,0.9236667
CCCCC/C=C\C/C=C\CCCCCCCCC(CCCCCCCC/C=C\C/C=C\CCCCC)OC(=O)CCCN(C)C,0.9763333
CCCCC(O)CN(CCCN(C)C)CC(O)CCCC,0.7556667
CCCCCCC(O)CN(CCCN(C)C)CC(O)CCCCCC,0.7576667
CCCCCCCCC(O)CN(CCCN(C)C)CC(O)CCCCCCCC,0.755
CCCCCCCCCCC(O)CN(CCCN(C)C)CC(O)CCCCCCCCCC,0.791
CCCCCCCCCCCCC(O)CN(CCCN(C)C)CC(O)CCCCCCCCCCCC,0.8613333
CCCCCC(=O)OC(CCCC)CN(CCCN(C)C)CC(CCCC)OC(=O)CCCCC,0.773
CCCCCCCC(=O)OC(CCCC)CN(CCCN(C)C)CC(CCCC)OC(=O)CCCCCCC,0.8826667
CCCCCCCCCC(=O)OC(CCCC)CN(CCCN(C)C)CC(CCCC)OC(=O)CCCCCCCCC,0.9076667
CCCCCCCCCCCC(=O)OC(CCCC)CN(CCCN(C)C)CC(CCCC)OC(=O)CCCCCCCCCCC,0.8803333
CCCCCCCCCCCCCC(=O)OC(CCCC)CN(CCCN(C)C)CC(CCCC)OC(=O)CCCCCCCCCCCCC,0.8616667
CCCCCC(=O)OC(CCCCCC)CN(CCCN(C)C)CC(CCCCCC)OC(=O)CCCCC,0.9123333
CCCCCCCC(=O)OC(CCCCCC)CN(CCCN(C)C)CC(CCCCCC)OC(=O)CCCCCCC,0.8133333
CCCCCCCCCC(=O)OC(CCCCCC)CN(CCCN(C)C)CC(CCCCCC)OC(=O)CCCCCCCCC,0.847
CCCCCCCCCCCC(=O)OC(CCCCCC)CN(CCCN(C)C)CC(CCCCCC)OC(=O)CCCCCCCCCCC,0.905
CCCCCCCCCCCCCC(=O)OC(CCCCCC)CN(CCCN(C)C)CC(CCCCCC)OC(=O)CCCCCCCCCCCCC,0.8706667
CCCCCC(=O)OC(CCCCCCCC)CN(CCCN(C)C)CC(CCCCCCCC)OC(=O)CCCCC,0.8976667
CCCCCCCC(=O)OC(CCCCCCCC)CN(CCCN(C)C)CC(CCCCCCCC)OC(=O)CCCCCCC,0.914
CCCCCCCCCC(=O)OC(CCCCCCCC)CN(CCCN(C)C)CC(CCCCCCCC)OC(=O)CCCCCCCCC,0.895
CCCCCCCCCCCC(=O)OC(CCCCCCCC)CN(CCCN(C)C)CC(CCCCCCCC)OC(=O)CCCCCCCCCCC,0.8786667
CCCCCCCCCCCCCC(=O)OC(CCCCCCCC)CN(CCCN(C)C)CC(CCCCCCCC)OC(=O)CCCCCCCCCCCCC,0.8093333
CCCCCC(=O)OC(CCCCCCCCCC)CN(CCCN(C)C)CC(CCCCCCCCCC)OC(=O)CCCCC,0.8323333
CCCCCCCC(=O)OC(CCCCCCCCCC)CN(CCCN(C)C)CC(CCCCCCCCCC)OC(=O)CCCCCCC,0.8976667
CCCCCCCCCC(=O)OC(CCCCCCCCCC)CN(CCCN(C)C)CC(CCCCCCCCCC)OC(=O)CCCCCCCCC,0.878
CCCCCCCCCCCC(=O)OC(CCCCCCCCCC)CN(CCCN(C)C)CC(CCCCCCCCCC)OC(=O)CCCCCCCCCCC,0.9003333
CCCCCCCCCCCCCC(=O)OC(CCCCCCCCCC)CN(CCCN(C)C)CC(CCCCCCCCCC)OC(=O)CCCCCCCCCCCCC,0.7976667
CCCCCC(=O)OC(CCCCCCCCCCCC)CN(CCCN(C)C)CC(CCCCCCCCCCCC)OC(=O)CCCCC,0.909
CCCCCCCC(=O)OC(CCCCCCCCCCCC)CN(CCCN(C)C)CC(CCCCCCCCCCCC)OC(=O)CCCCCCC,0.8853333
CCCCCCCCCC(=O)OC(CCCCCCCCCCCC)CN(CCCN(C)C)CC(CCCCCCCCCCCC)OC(=O)CCCCCCCCC,0.9173333
CCCCCCCCCCCC(=O)OC(CCCCCCCCCCCC)CN(CCCN(C)C)CC(CCCCCCCCCCCC)OC(=O)CCCCCCCCCCC,0.8303333
CCCCCCCCCCCCCC(=O)OC(CCCCCCCCCCCC)CN(CCCN(C)C)CC(CCCCCCCCCCCC)OC(=O)CCCCCCCCCCCCC,0.7136667
CCCCC/C=C\C/C=C\CCCCCCCCC(CCCCCCCC/C=C\C/C=C\CCCCC)OC(=O)CCCN(C)C,0.9103333
